0.18915 1
0.18835 2
0.19135 3
0.1891 4
0.1911 5
0.1941 6
0.19415 7
0.1952 8
0.1892 9
0.19825 10
0.1936 11
0.1927 12
0.19375 13
0.19285 14
0.1825 15
0.18785 16
0.186 17
0.1933 18
0.19085 19
0.20165 20
0.19515 21
0.1924 22
0.19315 23
0.19345 24
0.19895 25
0.1874 26
0.1872 27
0.19295 28
0.19265 29
0.1895 30
0.19255 31
0.18725 32
0.19115 33
0.19105 34
0.1955 35
0.18815 36
0.18885 37
0.18355 38
0.1879 39
0.18605 40
0.18505 41
0.1879 42
0.18715 43
0.19265 44
0.18975 45
0.18595 46
0.1827 47
0.19155 48
0.1979 49
0.18455 50
0.1968 51
0.18485 52
0.1954 53
0.19055 54
0.19625 55
0.1941 56
0.1862 57
0.1918 58
0.1961 59
0.19555 60
0.1875 61
0.1871 62
0.19245 63
0.19255 64
0.1934 65
0.19075 66
0.1915 67
0.1924 68
0.1912 69
0.1916 70
0.18845 71
0.18495 72
0.19335 73
0.19375 74
0.1936 75
0.1909 76
0.19585 77
0.19455 78
0.1934 79
0.19605 80
0.19265 81
0.18935 82
0.185 83
0.1931 84
0.1943 85
0.1908 86
0.18735 87
0.1917 88
0.188 89
0.19645 90
0.18675 91
0.1915 92
0.19085 93
0.1931 94
0.18725 95
0.19615 96
0.189 97
0.19005 98
0.193 99
0.1882 100
0.1956 101
0.1868 102
0.1942 103
0.19705 104
0.193 105
0.1872 106
0.1938 107
0.18815 108
0.1924 109
0.19015 110
0.19185 111
0.18595 112
0.19005 113
0.19275 114
0.18775 115
0.18815 116
0.1932 117
0.18955 118
0.18885 119
0.18955 120
0.1897 121
0.186 122
0.19235 123
0.1921 124
0.1874 125
0.18985 126
0.1896 127
0.1898 128
0.192 129
0.1894 130
0.1945 131
0.1879 132
0.1885 133
0.1878 134
0.1903 135
0.1981 136
0.2022 137
0.1875 138
0.1888 139
0.18885 140
0.1889 141
0.19155 142
0.2012 143
0.1891 144
0.18835 145
0.1863 146
0.18815 147
0.19385 148
0.19445 149
0.1979 150
0.186 151
0.18835 152
0.18735 153
0.1863 154
0.19205 155
0.1854 156
0.1907 157
0.19655 158
0.18715 159
0.18935 160
0.18965 161
0.18915 162
0.1882 163
0.18395 164
0.19285 165
0.18855 166
0.19005 167
0.20035 168
0.18535 169
0.18585 170
0.1925 171
0.18695 172
0.1914 173
0.1963 174
0.1927 175
0.1915 176
0.1932 177
0.192 178
0.1865 179
0.18795 180
0.1954 181
0.1882 182
0.2012 183
0.19215 184
0.189 185
0.19055 186
0.1927 187
0.18985 188
0.189 189
0.18515 190
0.194 191
0.1939 192
0.1943 193
0.1923 194
0.1958 195
0.19145 196
0.18535 197
0.19915 198
0.1956 199
0.18825 200
0.1969 201
0.19145 202
0.19315 203
0.1938 204
0.1865 205
0.1922 206
0.18695 207
0.19755 208
0.18965 209
0.195 210
0.1931 211
0.18665 212
0.19665 213
0.1859 214
0.1852 215
0.1897 216
0.1925 217
0.19165 218
0.18915 219
0.19125 220
0.19395 221
0.1976 222
0.18705 223
0.1937 224
0.19635 225
0.18805 226
0.18505 227
0.1914 228
0.19235 229
0.1877 230
0.19335 231
0.188 232
0.19035 233
0.19095 234
0.19255 235
0.1967 236
0.18265 237
0.18705 238
0.19015 239
0.19245 240
0.1946 241
0.19115 242
0.19715 243
0.1918 244
0.19285 245
0.1896 246
0.18495 247
0.19335 248
0.18375 249
0.189 250
0.19165 251
0.1922 252
0.1983 253
0.19685 254
0.1901 255
0.1943 256
0.1906 257
0.1893 258
0.19275 259
0.18955 260
0.18965 261
0.19 262
0.1935 263
0.1905 264
0.1919 265
0.19325 266
0.1947 267
0.1897 268
0.18965 269
0.19285 270
0.18905 271
0.18715 272
0.1914 273
0.1905 274
0.18965 275
0.18925 276
0.19535 277
0.19385 278
0.19005 279
0.187 280
0.18655 281
0.1947 282
0.19785 283
0.1937 284
0.18765 285
0.19115 286
0.18865 287
0.1866 288
0.18765 289
0.19485 290
0.1904 291
0.19025 292
0.18835 293
0.1855 294
0.1927 295
0.19025 296
0.20445 297
0.1856 298
0.1953 299
0.19075 300
0.1898 301
0.19145 302
0.1862 303
0.194 304
0.1914 305
0.1882 306
0.1923 307
0.1922 308
0.19095 309
0.194 310
0.1917 311
0.19325 312
0.18955 313
0.196 314
0.18875 315
0.18835 316
0.19405 317
0.18975 318
0.1924 319
0.18825 320
0.1844 321
0.1928 322
0.1935 323
0.18925 324
0.1916 325
0.187 326
0.1888 327
0.19225 328
0.19635 329
0.18995 330
0.1905 331
0.19365 332
0.1924 333
0.1994 334
0.1965 335
0.18575 336
0.193 337
0.19215 338
0.1917 339
0.19395 340
0.1899 341
0.19015 342
0.1934 343
0.18425 344
0.1997 345
0.1848 346
0.19865 347
0.18585 348
0.188 349
0.18945 350
0.19545 351
0.19305 352
0.1835 353
0.19225 354
0.18625 355
0.18715 356
0.1844 357
0.19 358
0.1943 359
0.1901 360
0.1963 361
0.19075 362
0.19245 363
0.1909 364
0.18485 365
0.18685 366
0.1895 367
0.193 368
0.1951 369
0.1914 370
0.1967 371
0.19465 372
0.1901 373
0.18855 374
0.1884 375
0.1917 376
0.1901 377
0.19345 378
0.19335 379
0.1874 380
0.18745 381
0.1838 382
0.1796 383
0.1927 384
0.19025 385
0.1947 386
0.1899 387
0.19055 388
0.1835 389
0.1873 390
0.1822 391
0.18475 392
0.1965 393
0.19335 394
0.1897 395
0.18885 396
0.1859 397
0.1847 398
0.1879 399
0.19165 400
0.1897 401
0.1906 402
0.19475 403
0.18995 404
0.19585 405
0.1876 406
0.19505 407
0.19575 408
0.1879 409
0.18875 410
0.19625 411
0.18845 412
0.18615 413
0.19265 414
0.19225 415
0.19455 416
0.19235 417
0.19295 418
0.18945 419
0.1923 420
0.2002 421
0.18435 422
0.1957 423
0.18995 424
0.1928 425
0.18975 426
0.18515 427
0.18905 428
0.19085 429
0.1897 430
0.1933 431
0.18515 432
0.18995 433
0.19435 434
0.1921 435
0.19525 436
0.19455 437
0.18845 438
0.18945 439
0.1913 440
0.19965 441
0.19485 442
0.18825 443
0.19765 444
0.18455 445
0.189 446
0.1932 447
0.1886 448
0.19 449
0.1917 450
0.18555 451
0.19225 452
0.1909 453
0.18665 454
0.1932 455
0.1803 456
0.19295 457
0.1926 458
0.1845 459
0.1966 460
0.188 461
0.18865 462
0.1931 463
0.18395 464
0.18915 465
0.1941 466
0.1891 467
0.195 468
0.19255 469
0.1881 470
0.1893 471
0.1851 472
0.18785 473
0.1853 474
0.1936 475
0.19555 476
0.1854 477
0.19475 478
0.1865 479
0.1893 480
0.1898 481
0.1907 482
0.19245 483
0.1933 484
0.19615 485
0.1907 486
0.1864 487
0.19245 488
0.1898 489
0.1963 490
0.19305 491
0.18685 492
0.18645 493
0.1953 494
0.19285 495
0.18615 496
0.1909 497
0.1893 498
0.19175 499
0.1958 500
0.1901 501
0.1915 502
0.18975 503
0.18875 504
0.1935 505
0.197 506
0.19145 507
0.19305 508
0.1943 509
0.18745 510
0.19415 511
0.1957 512
0.19285 513
0.18955 514
0.186 515
0.1938 516
0.1925 517
0.19505 518
0.1934 519
0.19245 520
0.1814 521
0.18815 522
0.1899 523
0.1929 524
0.1949 525
0.18645 526
0.1951 527
0.19335 528
0.1973 529
0.19135 530
0.19425 531
0.191 532
0.19335 533
0.18845 534
0.19145 535
0.19345 536
0.18865 537
0.1954 538
0.19145 539
0.1937 540
0.1847 541
0.2057 542
0.1909 543
0.19045 544
0.18855 545
0.1877 546
0.1925 547
0.1862 548
0.18755 549
0.1899 550
0.1824 551
0.1886 552
0.19125 553
0.1921 554
0.1842 555
0.1913 556
0.19035 557
0.19465 558
0.1895 559
0.1923 560
0.1962 561
0.1896 562
0.1901 563
0.1908 564
0.18515 565
0.19335 566
0.1884 567
0.191 568
0.18765 569
0.19015 570
0.18665 571
0.19795 572
0.18845 573
0.1904 574
0.19 575
0.188 576
0.19005 577
0.1831 578
0.19095 579
0.18975 580
0.18485 581
0.1903 582
0.19185 583
0.18555 584
0.1959 585
0.19575 586
0.1965 587
0.2007 588
0.19755 589
0.19605 590
0.18645 591
0.18575 592
0.18925 593
0.1897 594
0.1945 595
0.19325 596
0.1883 597
0.1995 598
0.19205 599
0.1955 600
0.1905 601
0.18655 602
0.1933 603
0.18735 604
0.1933 605
0.1924 606
0.1926 607
0.19025 608
0.2013 609
0.19055 610
0.18925 611
0.1863 612
0.18815 613
0.2004 614
0.1928 615
0.1913 616
0.19205 617
0.1886 618
0.18195 619
0.1854 620
0.186 621
0.19255 622
0.19065 623
0.1844 624
0.18635 625
0.1926 626
0.18665 627
0.18935 628
0.19465 629
0.19165 630
0.1995 631
0.1911 632
0.1926 633
0.19025 634
0.18765 635
0.18905 636
0.19005 637
0.1974 638
0.1884 639
0.19165 640
0.19185 641
0.1932 642
0.191 643
0.19625 644
0.1939 645
0.19335 646
0.1874 647
0.18365 648
0.19225 649
0.18585 650
0.1944 651
0.19215 652
0.19505 653
0.19425 654
0.1871 655
0.1899 656
0.1964 657
0.1954 658
0.18205 659
0.1953 660
0.18885 661
0.19305 662
0.19245 663
0.1928 664
0.1971 665
0.19325 666
0.1971 667
0.18975 668
0.18565 669
0.19825 670
0.19595 671
0.19365 672
0.1869 673
0.1946 674
0.1877 675
0.1882 676
0.19215 677
0.1869 678
0.19085 679
0.19385 680
0.1878 681
0.1875 682
0.1918 683
0.19285 684
0.19305 685
0.20045 686
0.1908 687
0.1875 688
0.18815 689
0.18895 690
0.19215 691
0.1884 692
0.18965 693
0.19715 694
0.2024 695
0.18645 696
0.1925 697
0.19155 698
0.19115 699
0.18845 700
0.1906 701
0.18865 702
0.1869 703
0.2001 704
0.18805 705
0.20045 706
0.193 707
0.19025 708
0.1929 709
0.1906 710
0.19135 711
0.18965 712
0.1931 713
0.18965 714
0.19145 715
0.19035 716
0.18885 717
0.19465 718
0.19165 719
0.1841 720
0.1888 721
0.1902 722
0.19335 723
0.1919 724
0.1915 725
0.19145 726
0.18355 727
0.18865 728
0.18925 729
0.1917 730
0.18755 731
0.1892 732
0.19845 733
0.1915 734
0.19285 735
0.19375 736
0.1887 737
0.19305 738
0.19575 739
0.19255 740
0.19305 741
0.2005 742
0.18775 743
0.1861 744
0.19105 745
0.19465 746
0.1879 747
0.1846 748
0.1897 749
0.19235 750
0.18705 751
0.19685 752
0.19335 753
0.1853 754
0.192 755
0.1877 756
0.1911 757
0.1902 758
0.18455 759
0.19155 760
0.1907 761
0.1933 762
0.187 763
0.188 764
0.18555 765
0.1901 766
0.18415 767
0.18915 768
0.18635 769
0.19155 770
0.18575 771
0.1906 772
0.19425 773
0.18855 774
0.1864 775
0.19075 776
0.18915 777
0.19595 778
0.1892 779
0.18555 780
0.19215 781
0.1897 782
0.19155 783
0.1863 784
0.1883 785
0.1893 786
0.18655 787
0.19125 788
0.1919 789
0.19115 790
0.19815 791
0.18625 792
0.19135 793
0.18685 794
0.1971 795
0.18425 796
0.1931 797
0.1949 798
0.1933 799
0.1962 800
0.19145 801
0.1921 802
0.1935 803
0.185 804
0.19055 805
0.18845 806
0.19005 807
0.19265 808
0.19585 809
0.19875 810
0.19565 811
0.18835 812
0.1924 813
0.1955 814
0.19115 815
0.18835 816
0.1982 817
0.19775 818
0.19045 819
0.18825 820
0.1891 821
0.1899 822
0.18595 823
0.1925 824
0.1924 825
0.1856 826
0.19295 827
0.19275 828
0.2006 829
0.1933 830
0.18995 831
0.1882 832
0.19155 833
0.1865 834
0.1921 835
0.19005 836
0.19605 837
0.1972 838
0.18145 839
0.19735 840
0.19365 841
0.19975 842
0.20465 843
0.19005 844
0.18715 845
0.19755 846
0.1961 847
0.1834 848
0.19435 849
0.20055 850
0.18885 851
0.1942 852
0.19105 853
0.1897 854
0.1927 855
0.19185 856
0.191 857
0.19985 858
0.18865 859
0.1968 860
0.1822 861
0.20055 862
0.18655 863
0.18465 864
0.18485 865
0.1946 866
0.18725 867
0.1847 868
0.18765 869
0.1915 870
0.1957 871
0.1924 872
0.19325 873
0.1944 874
0.1851 875
0.18775 876
0.193 877
0.18795 878
0.1941 879
0.19305 880
0.192 881
0.1935 882
0.1896 883
0.19015 884
0.1896 885
0.1897 886
0.18925 887
0.18875 888
0.19235 889
0.1861 890
0.18265 891
0.18665 892
0.1824 893
0.19355 894
0.19095 895
0.19385 896
0.19015 897
0.18795 898
0.19185 899
0.18915 900
0.19075 901
0.1981 902
0.20075 903
0.1858 904
0.1915 905
0.1884 906
0.19255 907
0.1909 908
0.1999 909
0.19395 910
0.19595 911
0.18485 912
0.19045 913
0.1884 914
0.18465 915
0.186 916
0.19195 917
0.19175 918
0.198 919
0.18135 920
0.198 921
0.19545 922
0.18955 923
0.1884 924
0.19245 925
0.19205 926
0.19835 927
0.1943 928
0.1935 929
0.19175 930
0.19105 931
0.1961 932
0.1901 933
0.1855 934
0.18445 935
0.1993 936
0.1916 937
0.1917 938
0.1881 939
0.1912 940
0.1921 941
0.19105 942
0.19415 943
0.18755 944
0.1869 945
0.19405 946
0.18985 947
0.1938 948
0.1912 949
0.1876 950
0.19125 951
0.1936 952
0.18245 953
0.19075 954
0.18905 955
0.1874 956
0.19875 957
0.19705 958
0.19 959
0.1882 960
0.18795 961
0.19715 962
0.19425 963
0.19665 964
0.19305 965
0.18565 966
0.1913 967
0.19265 968
0.1901 969
0.18925 970
0.2002 971
0.1856 972
0.18955 973
0.1979 974
0.18505 975
0.1871 976
0.19505 977
0.1961 978
0.18885 979
0.1958 980
0.1904 981
0.18435 982
0.19615 983
0.18945 984
0.1872 985
0.1923 986
0.19425 987
0.1914 988
0.18765 989
0.1965 990
0.18885 991
0.19065 992
0.1836 993
0.19465 994
0.18885 995
0.187 996
0.194 997
0.1934 998
0.1862 999
0.18835 1000
0.18215 1001
0.1907 1002
0.18815 1003
0.19495 1004
0.18755 1005
0.1851 1006
0.20115 1007
0.1884 1008
0.19055 1009
0.1967 1010
0.1941 1011
0.1906 1012
0.1947 1013
0.18935 1014
0.1973 1015
0.19205 1016
0.188 1017
0.1907 1018
0.19305 1019
0.18765 1020
0.1873 1021
0.18925 1022
0.19415 1023
0.19865 1024
0.18395 1025
0.1863 1026
0.18475 1027
0.1989 1028
0.19235 1029
0.1907 1030
0.18725 1031
0.1897 1032
0.1873 1033
0.1872 1034
0.19495 1035
0.18925 1036
0.1914 1037
0.1915 1038
0.1953 1039
0.19565 1040
0.1954 1041
0.19145 1042
0.18645 1043
0.19135 1044
0.1915 1045
0.19775 1046
0.19655 1047
0.19225 1048
0.1923 1049
0.184 1050
0.1942 1051
0.1922 1052
0.1863 1053
0.1922 1054
0.19375 1055
0.19265 1056
0.1996 1057
0.1936 1058
0.1937 1059
0.19195 1060
0.1953 1061
0.19175 1062
0.187 1063
0.19505 1064
0.189 1065
0.1956 1066
0.1948 1067
0.18885 1068
0.1929 1069
0.19155 1070
0.19195 1071
0.19205 1072
0.1851 1073
0.18685 1074
0.19425 1075
0.1827 1076
0.1884 1077
0.18635 1078
0.18615 1079
0.18945 1080
0.18775 1081
0.19495 1082
0.19275 1083
0.19245 1084
0.19375 1085
0.1959 1086
0.19075 1087
0.1917 1088
0.1986 1089
0.19465 1090
0.1894 1091
0.19215 1092
0.18795 1093
0.1933 1094
0.1875 1095
0.1872 1096
0.19285 1097
0.1863 1098
0.1884 1099
0.18515 1100
0.19775 1101
0.18695 1102
0.18725 1103
0.19165 1104
0.1887 1105
0.19365 1106
0.19315 1107
0.1914 1108
0.19045 1109
0.1925 1110
0.19535 1111
0.18355 1112
0.19455 1113
0.19265 1114
0.19175 1115
0.19155 1116
0.18355 1117
0.19315 1118
0.1953 1119
0.18365 1120
0.18525 1121
0.19155 1122
0.1906 1123
0.18885 1124
0.1887 1125
0.1961 1126
0.19195 1127
0.1837 1128
0.1944 1129
0.1864 1130
0.18925 1131
0.19255 1132
0.19295 1133
0.18995 1134
0.1843 1135
0.19415 1136
0.187 1137
0.1873 1138
0.19265 1139
0.19335 1140
0.1828 1141
0.18725 1142
0.1854 1143
0.1866 1144
0.19175 1145
0.1964 1146
0.19085 1147
0.1882 1148
0.1955 1149
0.1843 1150
0.1924 1151
0.1886 1152
0.19605 1153
0.19615 1154
0.1915 1155
0.19175 1156
0.1847 1157
0.1893 1158
0.199 1159
0.19165 1160
0.1893 1161
0.1919 1162
0.19155 1163
0.19575 1164
0.18845 1165
0.18945 1166
0.19475 1167
0.19105 1168
0.1927 1169
0.1906 1170
0.1957 1171
0.192 1172
0.1917 1173
0.1933 1174
0.18915 1175
0.19395 1176
0.1959 1177
0.19565 1178
0.1909 1179
0.1888 1180
0.1907 1181
0.18835 1182
0.1921 1183
0.19125 1184
0.18545 1185
0.18915 1186
0.18655 1187
0.19235 1188
0.19365 1189
0.1915 1190
0.19105 1191
0.19445 1192
0.19755 1193
0.18665 1194
0.19035 1195
0.18945 1196
0.19495 1197
0.19325 1198
0.2028 1199
0.1874 1200
0.1835 1201
0.18525 1202
0.1889 1203
0.18705 1204
0.182 1205
0.19695 1206
0.18855 1207
0.1918 1208
0.1882 1209
0.20355 1210
0.187 1211
0.18795 1212
0.19395 1213
0.1946 1214
0.18555 1215
0.18385 1216
0.2119 1217
0.1952 1218
0.18605 1219
0.19235 1220
0.1907 1221
0.19415 1222
0.18775 1223
0.19225 1224
0.1872 1225
0.1858 1226
0.192 1227
0.19325 1228
0.18565 1229
0.1911 1230
0.19435 1231
0.18965 1232
0.1944 1233
0.18625 1234
0.18785 1235
0.18915 1236
0.1965 1237
0.1915 1238
0.19145 1239
0.19325 1240
0.18905 1241
0.19935 1242
0.1907 1243
0.18775 1244
0.19315 1245
0.19205 1246
0.19465 1247
0.18835 1248
0.19745 1249
0.18155 1250
0.1962 1251
0.19805 1252
0.19635 1253
0.19395 1254
0.1865 1255
0.192 1256
0.19085 1257
0.1979 1258
0.19405 1259
0.1917 1260
0.18525 1261
0.18825 1262
0.18795 1263
0.1933 1264
0.1921 1265
0.1954 1266
0.1864 1267
0.1921 1268
0.19285 1269
0.19165 1270
0.1908 1271
0.19075 1272
0.19145 1273
0.1902 1274
0.1926 1275
0.19395 1276
0.19685 1277
0.1843 1278
0.19505 1279
0.1945 1280
0.1874 1281
0.19465 1282
0.1931 1283
0.18335 1284
0.1976 1285
0.18585 1286
0.19595 1287
0.19235 1288
0.18815 1289
0.1912 1290
0.1894 1291
0.1893 1292
0.19755 1293
0.1887 1294
0.1891 1295
0.18825 1296
0.19605 1297
0.19595 1298
0.1901 1299
0.1955 1300
0.1935 1301
0.18635 1302
0.1846 1303
0.1904 1304
0.19255 1305
0.1905 1306
0.1857 1307
0.19305 1308
0.1862 1309
0.193 1310
0.1896 1311
0.1957 1312
0.18615 1313
0.1971 1314
0.19005 1315
0.19255 1316
0.19385 1317
0.19255 1318
0.18785 1319
0.1914 1320
0.1946 1321
0.18505 1322
0.19675 1323
0.1933 1324
0.1893 1325
0.19055 1326
0.18725 1327
0.19355 1328
0.1931 1329
0.1908 1330
0.192 1331
0.19155 1332
0.19325 1333
0.19125 1334
0.1889 1335
0.18765 1336
0.18845 1337
0.19115 1338
0.18745 1339
0.18825 1340
0.18865 1341
0.18695 1342
0.18645 1343
0.1896 1344
0.18905 1345
0.18455 1346
0.19205 1347
0.19395 1348
0.1866 1349
0.19365 1350
0.18935 1351
0.19175 1352
0.1908 1353
0.20075 1354
0.19585 1355
0.1914 1356
0.1932 1357
0.18765 1358
0.1904 1359
0.1898 1360
0.1954 1361
0.1986 1362
0.19075 1363
0.19105 1364
0.1905 1365
0.18725 1366
0.19025 1367
0.18535 1368
0.18875 1369
0.18995 1370
0.18985 1371
0.1911 1372
0.18315 1373
0.18295 1374
0.1936 1375
0.1887 1376
0.1968 1377
0.18935 1378
0.19305 1379
0.19215 1380
0.18615 1381
0.1889 1382
0.1817 1383
0.19105 1384
0.18365 1385
0.19085 1386
0.19335 1387
0.19085 1388
0.19005 1389
0.19185 1390
0.1973 1391
0.1868 1392
0.19265 1393
0.18765 1394
0.1861 1395
0.18355 1396
0.19565 1397
0.19675 1398
0.1905 1399
0.1964 1400
0.19055 1401
0.1879 1402
0.18485 1403
0.1953 1404
0.18735 1405
0.19505 1406
0.18785 1407
0.1919 1408
0.18675 1409
0.19235 1410
0.19185 1411
0.19355 1412
0.1863 1413
0.1981 1414
0.1881 1415
0.19235 1416
0.20205 1417
0.1947 1418
0.19425 1419
0.18965 1420
0.2009 1421
0.1926 1422
0.19505 1423
0.19065 1424
0.19395 1425
0.1879 1426
0.19735 1427
0.18905 1428
0.1931 1429
0.1865 1430
0.19455 1431
0.18905 1432
0.19415 1433
0.19175 1434
0.18905 1435
0.1998 1436
0.18955 1437
0.1916 1438
0.19835 1439
0.18475 1440
0.18775 1441
0.1902 1442
0.191 1443
0.18375 1444
0.18625 1445
0.19555 1446
0.19055 1447
0.1943 1448
0.1953 1449
0.1911 1450
0.1819 1451
0.189 1452
0.18505 1453
0.19275 1454
0.18905 1455
0.1866 1456
0.19415 1457
0.1911 1458
0.1855 1459
0.18725 1460
0.1843 1461
0.18845 1462
0.19035 1463
0.19115 1464
0.1974 1465
0.19175 1466
0.1915 1467
0.19175 1468
0.1906 1469
0.1883 1470
0.19165 1471
0.1955 1472
0.1854 1473
0.19195 1474
0.19205 1475
0.1918 1476
0.19 1477
0.1936 1478
0.18865 1479
0.1924 1480
0.18535 1481
0.19535 1482
0.1903 1483
0.1922 1484
0.1897 1485
0.1909 1486
0.19355 1487
0.1883 1488
0.1939 1489
0.19535 1490
0.19145 1491
0.19055 1492
0.19085 1493
0.1913 1494
0.189 1495
0.19325 1496
0.1919 1497
0.1947 1498
0.18405 1499
0.1903 1500
0.19145 1501
0.18785 1502
0.188 1503
0.18845 1504
0.19205 1505
0.1927 1506
0.1866 1507
0.1867 1508
0.1888 1509
0.18345 1510
0.19055 1511
0.1927 1512
0.19 1513
0.18105 1514
0.1938 1515
0.19555 1516
0.184 1517
0.19275 1518
0.1856 1519
0.19095 1520
0.1938 1521
0.1839 1522
0.19175 1523
0.1878 1524
0.1899 1525
0.18425 1526
0.19875 1527
0.1909 1528
0.19235 1529
0.18665 1530
0.1869 1531
0.1951 1532
0.1939 1533
0.19065 1534
0.1866 1535
0.1912 1536
0.1896 1537
0.18825 1538
0.18825 1539
0.19225 1540
0.1999 1541
0.1913 1542
0.1914 1543
0.18695 1544
0.19645 1545
0.1914 1546
0.18725 1547
0.18845 1548
0.1935 1549
0.18415 1550
0.1958 1551
0.1907 1552
0.19765 1553
0.19105 1554
0.1953 1555
0.1902 1556
0.1985 1557
0.19165 1558
0.19305 1559
0.18795 1560
0.1898 1561
0.195 1562
0.19145 1563
0.1965 1564
0.18955 1565
0.18495 1566
0.19 1567
0.18615 1568
0.19675 1569
0.19165 1570
0.18585 1571
0.1922 1572
0.1865 1573
0.18495 1574
0.1848 1575
0.1921 1576
0.19315 1577
0.1872 1578
0.18995 1579
0.18775 1580
0.1841 1581
0.1891 1582
0.1876 1583
0.1854 1584
0.18735 1585
0.1971 1586
0.19135 1587
0.1914 1588
0.1943 1589
0.1891 1590
0.19205 1591
0.193 1592
0.18685 1593
0.18605 1594
0.19615 1595
0.1823 1596
0.1903 1597
0.1896 1598
0.1945 1599
0.1864 1600
0.19155 1601
0.18565 1602
0.1925 1603
0.19605 1604
0.1928 1605
0.1931 1606
0.19475 1607
0.1857 1608
0.18865 1609
0.18985 1610
0.18885 1611
0.19075 1612
0.1927 1613
0.19075 1614
0.19755 1615
0.19135 1616
0.19175 1617
0.1925 1618
0.19325 1619
0.19145 1620
0.183 1621
0.1933 1622
0.1905 1623
0.19045 1624
0.1851 1625
0.18235 1626
0.1954 1627
0.1881 1628
0.1819 1629
0.19 1630
0.192 1631
0.1937 1632
0.18965 1633
0.1958 1634
0.1953 1635
0.19305 1636
0.1882 1637
0.19335 1638
0.1874 1639
0.19405 1640
0.19415 1641
0.1892 1642
0.1905 1643
0.19205 1644
0.193 1645
0.18595 1646
0.18645 1647
0.19345 1648
0.18465 1649
0.18445 1650
0.1896 1651
0.19095 1652
0.1935 1653
0.18885 1654
0.1929 1655
0.19425 1656
0.19405 1657
0.1881 1658
0.19 1659
0.19175 1660
0.19295 1661
0.18695 1662
0.18885 1663
0.1881 1664
0.18035 1665
0.187 1666
0.19255 1667
0.19275 1668
0.19125 1669
0.1967 1670
0.19925 1671
0.19295 1672
0.1952 1673
0.1889 1674
0.192 1675
0.19325 1676
0.19025 1677
0.19125 1678
0.1836 1679
0.1855 1680
0.19405 1681
0.18745 1682
0.19375 1683
0.182 1684
0.19735 1685
0.1967 1686
0.19055 1687
0.1904 1688
0.1821 1689
0.1875 1690
0.19225 1691
0.19335 1692
0.2006 1693
0.1925 1694
0.19235 1695
0.19215 1696
0.19355 1697
0.1916 1698
0.1892 1699
0.1903 1700
0.1878 1701
0.2005 1702
0.18435 1703
0.1981 1704
0.1901 1705
0.19495 1706
0.18475 1707
0.1892 1708
0.1883 1709
0.18505 1710
0.19785 1711
0.18795 1712
0.19105 1713
0.1906 1714
0.19465 1715
0.19015 1716
0.1853 1717
0.18335 1718
0.1952 1719
0.1948 1720
0.18975 1721
0.19395 1722
0.1864 1723
0.1853 1724
0.1878 1725
0.18405 1726
0.1933 1727
0.1891 1728
0.19955 1729
0.1881 1730
0.19435 1731
0.19265 1732
0.19525 1733
0.18745 1734
0.1886 1735
0.19265 1736
0.1887 1737
0.189 1738
0.1916 1739
0.19145 1740
0.19805 1741
0.1891 1742
0.19025 1743
0.195 1744
0.1948 1745
0.1956 1746
0.1922 1747
0.188 1748
0.188 1749
0.18855 1750
0.19985 1751
0.1919 1752
0.19825 1753
0.1953 1754
0.18875 1755
0.1856 1756
0.192 1757
0.19115 1758
0.1929 1759
0.19395 1760
0.18845 1761
0.1916 1762
0.18925 1763
0.1855 1764
0.19895 1765
0.18685 1766
0.18955 1767
0.19755 1768
0.19715 1769
0.18575 1770
0.1919 1771
0.19745 1772
0.1943 1773
0.1939 1774
0.19085 1775
0.18855 1776
0.1898 1777
0.18895 1778
0.1947 1779
0.1884 1780
0.18855 1781
0.1958 1782
0.1921 1783
0.18735 1784
0.19325 1785
0.18905 1786
0.18815 1787
0.19065 1788
0.192 1789
0.18915 1790
0.20035 1791
0.18715 1792
0.19005 1793
0.1942 1794
0.1934 1795
0.1868 1796
0.1919 1797
0.192 1798
0.19825 1799
0.19245 1800
0.1993 1801
0.19815 1802
0.1918 1803
0.1906 1804
0.1894 1805
0.19175 1806
0.1834 1807
0.192 1808
0.1931 1809
0.1992 1810
0.18845 1811
0.18955 1812
0.1889 1813
0.1944 1814
0.18675 1815
0.1925 1816
0.19505 1817
0.1912 1818
0.18725 1819
0.19265 1820
0.19135 1821
0.187 1822
0.19545 1823
0.1944 1824
0.1947 1825
0.1901 1826
0.1934 1827
0.1922 1828
0.1911 1829
0.1847 1830
0.1912 1831
0.19665 1832
0.1968 1833
0.1964 1834
0.1961 1835
0.1952 1836
0.1902 1837
0.1939 1838
0.1942 1839
0.1938 1840
0.1957 1841
0.1806 1842
0.19425 1843
0.18815 1844
0.1931 1845
0.1847 1846
0.19595 1847
0.198 1848
0.1936 1849
0.19145 1850
0.19435 1851
0.1897 1852
0.19545 1853
0.19125 1854
0.1882 1855
0.1931 1856
0.18655 1857
0.1913 1858
0.188 1859
0.1913 1860
0.1909 1861
0.1927 1862
0.19 1863
0.1914 1864
0.1881 1865
0.18255 1866
0.18685 1867
0.1903 1868
0.19935 1869
0.1908 1870
0.18875 1871
0.1849 1872
0.18605 1873
0.1906 1874
0.1944 1875
0.18975 1876
0.189 1877
0.19515 1878
0.18975 1879
0.1955 1880
0.19325 1881
0.1874 1882
0.1917 1883
0.18585 1884
0.1912 1885
0.1965 1886
0.1923 1887
0.19135 1888
0.1875 1889
0.18685 1890
0.1937 1891
0.1856 1892
0.1883 1893
0.1848 1894
0.1894 1895
0.19615 1896
0.1884 1897
0.19535 1898
0.1959 1899
0.1889 1900
0.1949 1901
0.18895 1902
0.1874 1903
0.19025 1904
0.1868 1905
0.18725 1906
0.189 1907
0.1928 1908
0.1998 1909
0.18995 1910
0.1918 1911
0.18635 1912
0.1931 1913
0.1939 1914
0.18695 1915
0.19285 1916
0.18595 1917
0.18925 1918
0.19795 1919
0.19215 1920
0.18795 1921
0.1898 1922
0.1945 1923
0.18975 1924
0.19145 1925
0.18465 1926
0.19405 1927
0.18895 1928
0.19555 1929
0.19345 1930
0.19465 1931
0.1819 1932
0.1951 1933
0.19585 1934
0.19 1935
0.19375 1936
0.19595 1937
0.18705 1938
0.19195 1939
0.1975 1940
0.1917 1941
0.18895 1942
0.1907 1943
0.18975 1944
0.18495 1945
0.1848 1946
0.1843 1947
0.19745 1948
0.1918 1949
0.192 1950
0.1886 1951
0.19875 1952
0.1913 1953
0.19105 1954
0.1904 1955
0.18615 1956
0.1916 1957
0.20115 1958
0.1858 1959
0.20035 1960
0.18975 1961
0.18835 1962
0.1911 1963
0.1874 1964
0.19205 1965
0.19355 1966
0.1903 1967
0.18825 1968
0.1864 1969
0.1842 1970
0.192 1971
0.19335 1972
0.1828 1973
0.1885 1974
0.1947 1975
0.1905 1976
0.18995 1977
0.19405 1978
0.1943 1979
0.18935 1980
0.18785 1981
0.1908 1982
0.1829 1983
0.1852 1984
0.1867 1985
0.1888 1986
0.1864 1987
0.19755 1988
0.19745 1989
0.19485 1990
0.19795 1991
0.18635 1992
0.1927 1993
0.1916 1994
0.19005 1995
0.1873 1996
0.19245 1997
0.1941 1998
0.1888 1999
0.1887 2000
0.1959 2001
0.1872 2002
0.18405 2003
0.19715 2004
0.19435 2005
0.1888 2006
0.18785 2007
0.19155 2008
0.1962 2009
0.19195 2010
0.1841 2011
0.2037 2012
0.19415 2013
0.18985 2014
0.1915 2015
0.18725 2016
0.19525 2017
0.1778 2018
0.18505 2019
0.1871 2020
0.18885 2021
0.1897 2022
0.197 2023
0.19465 2024
0.1914 2025
0.1819 2026
0.19215 2027
0.18695 2028
0.19675 2029
0.19365 2030
0.194 2031
0.18605 2032
0.18975 2033
0.1851 2034
0.1874 2035
0.19225 2036
0.18355 2037
0.1978 2038
0.19875 2039
0.1876 2040
0.19495 2041
0.1973 2042
0.19005 2043
0.1938 2044
0.19675 2045
0.19125 2046
0.18965 2047
0.1927 2048
0.19665 2049
0.1952 2050
0.1914 2051
0.1942 2052
0.18915 2053
0.186 2054
0.1878 2055
0.1877 2056
0.1941 2057
0.18915 2058
0.19475 2059
0.1925 2060
0.18815 2061
0.19435 2062
0.18845 2063
0.19215 2064
0.18925 2065
0.1951 2066
0.18985 2067
0.19235 2068
0.19765 2069
0.1885 2070
0.18505 2071
0.1899 2072
0.19925 2073
0.186 2074
0.1896 2075
0.18925 2076
0.19425 2077
0.1836 2078
0.1878 2079
0.18675 2080
0.1906 2081
0.1905 2082
0.1943 2083
0.19165 2084
0.18845 2085
0.19595 2086
0.18805 2087
0.1843 2088
0.184 2089
0.1942 2090
0.1903 2091
0.18935 2092
0.18585 2093
0.191 2094
0.19665 2095
0.19665 2096
0.19375 2097
0.1891 2098
0.1882 2099
0.18965 2100
0.19235 2101
0.1892 2102
0.19265 2103
0.19225 2104
0.1945 2105
0.1863 2106
0.18645 2107
0.1906 2108
0.18335 2109
0.1903 2110
0.1879 2111
0.18565 2112
0.18635 2113
0.18875 2114
0.19505 2115
0.19315 2116
0.1907 2117
0.1971 2118
0.184 2119
0.1876 2120
0.1852 2121
0.196 2122
0.1907 2123
0.19205 2124
0.18965 2125
0.19325 2126
0.1872 2127
0.1915 2128
0.1882 2129
0.185 2130
0.18545 2131
0.1849 2132
0.19245 2133
0.18995 2134
0.1898 2135
0.1873 2136
0.1859 2137
0.19345 2138
0.2015 2139
0.186 2140
0.1994 2141
0.18865 2142
0.1876 2143
0.1889 2144
0.18985 2145
0.19285 2146
0.18965 2147
0.1927 2148
0.18695 2149
0.18455 2150
0.19385 2151
0.1869 2152
0.1855 2153
0.18695 2154
0.1912 2155
0.1847 2156
0.18845 2157
0.19255 2158
0.1898 2159
0.1875 2160
0.1869 2161
0.19335 2162
0.19085 2163
0.193 2164
0.1862 2165
0.19015 2166
0.1929 2167
0.1891 2168
0.18715 2169
0.1914 2170
0.19295 2171
0.19405 2172
0.18965 2173
0.19255 2174
0.1895 2175
0.1925 2176
0.19365 2177
0.1995 2178
0.19355 2179
0.18775 2180
0.185 2181
0.1854 2182
0.1864 2183
0.1933 2184
0.1879 2185
0.19185 2186
0.1933 2187
0.1956 2188
0.1864 2189
0.1982 2190
0.1886 2191
0.19185 2192
0.1947 2193
0.19195 2194
0.20765 2195
0.18635 2196
0.1885 2197
0.1947 2198
0.19615 2199
0.2007 2200
0.181 2201
0.1893 2202
0.18715 2203
0.17965 2204
0.1914 2205
0.19215 2206
0.18785 2207
0.18845 2208
0.1906 2209
0.1904 2210
0.18325 2211
0.19245 2212
0.19165 2213
0.1927 2214
0.19385 2215
0.19435 2216
0.18555 2217
0.18825 2218
0.19305 2219
0.1894 2220
0.18785 2221
0.18925 2222
0.1937 2223
0.1851 2224
0.1932 2225
0.18545 2226
0.19205 2227
0.191 2228
0.1929 2229
0.1883 2230
0.1959 2231
0.18975 2232
0.18815 2233
0.1867 2234
0.19025 2235
0.1874 2236
0.1938 2237
0.19055 2238
0.1942 2239
0.1992 2240
0.18475 2241
0.1901 2242
0.19645 2243
0.191 2244
0.19325 2245
0.1955 2246
0.19295 2247
0.1836 2248
0.19165 2249
0.19135 2250
0.18875 2251
0.188 2252
0.1914 2253
0.19065 2254
0.19265 2255
0.1929 2256
0.18915 2257
0.1911 2258
0.1842 2259
0.1893 2260
0.19195 2261
0.1944 2262
0.18785 2263
0.1907 2264
0.19975 2265
0.19275 2266
0.1852 2267
0.18715 2268
0.19 2269
0.1941 2270
0.18985 2271
0.18405 2272
0.19525 2273
0.19795 2274
0.1924 2275
0.18245 2276
0.18825 2277
0.1965 2278
0.1887 2279
0.1964 2280
0.1951 2281
0.1878 2282
0.19855 2283
0.1903 2284
0.1888 2285
0.195 2286
0.2016 2287
0.19645 2288
0.2019 2289
0.1956 2290
0.1866 2291
0.19695 2292
0.1934 2293
0.18615 2294
0.19145 2295
0.19105 2296
0.18275 2297
0.1899 2298
0.18815 2299
0.189 2300
0.1905 2301
0.18915 2302
0.1878 2303
0.18675 2304
0.1945 2305
0.1848 2306
0.18845 2307
0.18595 2308
0.19625 2309
0.19275 2310
0.1891 2311
0.18725 2312
0.19465 2313
0.20295 2314
0.18455 2315
0.1957 2316
0.1828 2317
0.19125 2318
0.19485 2319
0.19705 2320
0.1885 2321
0.1928 2322
0.18745 2323
0.1987 2324
0.18765 2325
0.1913 2326
0.19025 2327
0.18625 2328
0.19095 2329
0.19155 2330
0.18925 2331
0.18895 2332
0.19145 2333
0.1907 2334
0.19005 2335
0.18875 2336
0.1854 2337
0.1957 2338
0.1899 2339
0.18815 2340
0.18825 2341
0.19005 2342
0.19225 2343
0.1928 2344
0.1917 2345
0.19095 2346
0.19575 2347
0.19085 2348
0.1856 2349
0.19195 2350
0.1849 2351
0.1897 2352
0.1935 2353
0.19015 2354
0.18975 2355
0.18945 2356
0.1933 2357
0.19145 2358
0.1876 2359
0.192 2360
0.1835 2361
0.1905 2362
0.1917 2363
0.18695 2364
0.1951 2365
0.19565 2366
0.18885 2367
0.18715 2368
0.1928 2369
0.188 2370
0.18635 2371
0.1891 2372
0.19095 2373
0.18835 2374
0.191 2375
0.19175 2376
0.19175 2377
0.18815 2378
0.2037 2379
0.19505 2380
0.19145 2381
0.1928 2382
0.18645 2383
0.1898 2384
0.18845 2385
0.1851 2386
0.19305 2387
0.1889 2388
0.18465 2389
0.1939 2390
0.18845 2391
0.1888 2392
0.19155 2393
0.2047 2394
0.1936 2395
0.1901 2396
0.1963 2397
0.1908 2398
0.1922 2399
0.1864 2400
0.1836 2401
0.20045 2402
0.1907 2403
0.18935 2404
0.1908 2405
0.2017 2406
0.1927 2407
0.18695 2408
0.19095 2409
0.19435 2410
0.19265 2411
0.18835 2412
0.1891 2413
0.18565 2414
0.1855 2415
0.1923 2416
0.19145 2417
0.19345 2418
0.19575 2419
0.1914 2420
0.18785 2421
0.18785 2422
0.19595 2423
0.1854 2424
0.19335 2425
0.1947 2426
0.1984 2427
0.1888 2428
0.18645 2429
0.18775 2430
0.18675 2431
0.19175 2432
0.1954 2433
0.1895 2434
0.18805 2435
0.19265 2436
0.19135 2437
0.19435 2438
0.1907 2439
0.192 2440
0.19035 2441
0.18895 2442
0.19305 2443
0.19635 2444
0.18365 2445
0.1951 2446
0.18685 2447
0.195 2448
0.18985 2449
0.1923 2450
0.1861 2451
0.193 2452
0.19245 2453
0.18155 2454
0.1906 2455
0.19455 2456
0.1945 2457
0.1855 2458
0.18865 2459
0.19055 2460
0.2046 2461
0.18875 2462
0.19085 2463
0.19785 2464
0.18905 2465
0.1909 2466
0.18805 2467
0.189 2468
0.19085 2469
0.1923 2470
0.19455 2471
0.1867 2472
0.1973 2473
0.1879 2474
0.1996 2475
0.18795 2476
0.19135 2477
0.19405 2478
0.18785 2479
0.18975 2480
0.1894 2481
0.18905 2482
0.18745 2483
0.1907 2484
0.1935 2485
0.18905 2486
0.19125 2487
0.19235 2488
0.19645 2489
0.1897 2490
0.1985 2491
0.1957 2492
0.197 2493
0.19135 2494
0.1874 2495
0.19325 2496
0.192 2497
0.19115 2498
0.1858 2499
0.1875 2500
0.1887 2501
0.2013 2502
0.19735 2503
0.183 2504
0.1916 2505
0.19715 2506
0.1871 2507
0.18395 2508
0.1904 2509
0.2005 2510
0.18705 2511
0.1925 2512
0.1921 2513
0.19225 2514
0.1864 2515
0.1903 2516
0.18685 2517
0.19515 2518
0.19245 2519
0.18875 2520
0.1996 2521
0.1976 2522
0.19635 2523
0.1957 2524
0.19535 2525
0.19045 2526
0.18665 2527
0.1905 2528
0.18645 2529
0.19195 2530
0.1985 2531
0.1913 2532
0.19555 2533
0.19455 2534
0.18905 2535
0.18545 2536
0.1962 2537
0.19275 2538
0.20625 2539
0.18775 2540
0.1914 2541
0.1894 2542
0.19235 2543
0.18735 2544
0.1825 2545
0.18965 2546
0.1955 2547
0.19085 2548
0.1897 2549
0.1944 2550
0.18855 2551
0.1858 2552
0.18875 2553
0.1905 2554
0.1877 2555
0.1859 2556
0.1891 2557
0.1932 2558
0.18685 2559
0.19075 2560
0.1895 2561
0.1859 2562
0.18775 2563
0.1983 2564
0.1939 2565
0.19315 2566
0.1938 2567
0.192 2568
0.18255 2569
0.199 2570
0.18605 2571
0.19355 2572
0.1886 2573
0.1921 2574
0.19035 2575
0.1895 2576
0.1935 2577
0.1932 2578
0.1921 2579
0.1828 2580
0.18965 2581
0.1937 2582
0.18995 2583
0.19245 2584
0.1918 2585
0.19655 2586
0.1935 2587
0.19525 2588
0.1898 2589
0.1891 2590
0.1918 2591
0.1915 2592
0.1902 2593
0.1853 2594
0.18815 2595
0.18435 2596
0.1886 2597
0.19105 2598
0.1916 2599
0.18815 2600
0.1871 2601
0.20235 2602
0.18745 2603
0.19435 2604
0.19055 2605
0.19215 2606
0.19145 2607
0.1906 2608
0.1893 2609
0.19545 2610
0.19985 2611
0.1918 2612
0.19345 2613
0.18795 2614
0.187 2615
0.19615 2616
0.19135 2617
0.1929 2618
0.19495 2619
0.2019 2620
0.1915 2621
0.19365 2622
0.19125 2623
0.19565 2624
0.19205 2625
0.1934 2626
0.192 2627
0.1929 2628
0.19145 2629
0.1897 2630
0.19505 2631
0.19125 2632
0.1909 2633
0.19415 2634
0.1957 2635
0.18565 2636
0.1943 2637
0.1979 2638
0.19505 2639
0.1948 2640
0.1889 2641
0.1939 2642
0.19435 2643
0.19065 2644
0.1902 2645
0.1933 2646
0.18805 2647
0.1923 2648
0.192 2649
0.1915 2650
0.18575 2651
0.1857 2652
0.19155 2653
0.1914 2654
0.1993 2655
0.19445 2656
0.19315 2657
0.19055 2658
0.1883 2659
0.20335 2660
0.1925 2661
0.19295 2662
0.1824 2663
0.18645 2664
0.1942 2665
0.1923 2666
0.1936 2667
0.1883 2668
0.19525 2669
0.1884 2670
0.19735 2671
0.2019 2672
0.1878 2673
0.19435 2674
0.19355 2675
0.1924 2676
0.1959 2677
0.19455 2678
0.19165 2679
0.19355 2680
0.19555 2681
0.19025 2682
0.1968 2683
0.18315 2684
0.19565 2685
0.19435 2686
0.1956 2687
0.19045 2688
0.18525 2689
0.1869 2690
0.19305 2691
0.1889 2692
0.19055 2693
0.1938 2694
0.19675 2695
0.1914 2696
0.2017 2697
0.19095 2698
0.19645 2699
0.1925 2700
0.18935 2701
0.19395 2702
0.19095 2703
0.19185 2704
0.1907 2705
0.1894 2706
0.19155 2707
0.18715 2708
0.1923 2709
0.1969 2710
0.19255 2711
0.1996 2712
0.18995 2713
0.1886 2714
0.19455 2715
0.1879 2716
0.19335 2717
0.1938 2718
0.19295 2719
0.1868 2720
0.18835 2721
0.1934 2722
0.19285 2723
0.1892 2724
0.192 2725
0.1871 2726
0.1907 2727
0.19595 2728
0.1894 2729
0.18975 2730
0.18455 2731
0.1872 2732
0.189 2733
0.194 2734
0.19345 2735
0.1888 2736
0.19395 2737
0.19085 2738
0.1857 2739
0.19305 2740
0.1935 2741
0.1889 2742
0.19375 2743
0.19205 2744
0.18605 2745
0.1912 2746
0.1969 2747
0.1833 2748
0.1886 2749
0.1913 2750
0.19005 2751
0.19015 2752
0.1881 2753
0.1983 2754
0.1901 2755
0.18965 2756
0.1887 2757
0.1892 2758
0.18825 2759
0.1906 2760
0.188 2761
0.19635 2762
0.18745 2763
0.1892 2764
0.19395 2765
0.19085 2766
0.1946 2767
0.1919 2768
0.1919 2769
0.1957 2770
0.1949 2771
0.1981 2772
0.18445 2773
0.1885 2774
0.19035 2775
0.19625 2776
0.1917 2777
0.19325 2778
0.1863 2779
0.1868 2780
0.1889 2781
0.1894 2782
0.19155 2783
0.1884 2784
0.19 2785
0.1985 2786
0.19285 2787
0.1898 2788
0.19155 2789
0.18825 2790
0.18735 2791
0.18605 2792
0.18995 2793
0.1925 2794
0.1924 2795
0.19575 2796
0.1931 2797
0.1834 2798
0.1907 2799
0.1829 2800
0.19815 2801
0.18825 2802
0.19375 2803
0.1866 2804
0.19815 2805
0.1947 2806
0.1921 2807
0.18985 2808
0.19295 2809
0.19375 2810
0.1868 2811
0.1892 2812
0.18835 2813
0.1925 2814
0.18535 2815
0.19055 2816
0.194 2817
0.1929 2818
0.19465 2819
0.19275 2820
0.19685 2821
0.18845 2822
0.1903 2823
0.1882 2824
0.18895 2825
0.20175 2826
0.18995 2827
0.18725 2828
0.1971 2829
0.1951 2830
0.1918 2831
0.18905 2832
0.19235 2833
0.1906 2834
0.1895 2835
0.19 2836
0.19195 2837
0.18875 2838
0.19335 2839
0.19045 2840
0.1938 2841
0.1897 2842
0.1987 2843
0.1905 2844
0.1889 2845
0.1976 2846
0.19125 2847
0.1918 2848
0.1926 2849
0.18965 2850
0.1915 2851
0.19575 2852
0.1902 2853
0.1992 2854
0.1879 2855
0.19115 2856
0.191 2857
0.1919 2858
0.18875 2859
0.1885 2860
0.1954 2861
0.19395 2862
0.1939 2863
0.191 2864
0.19265 2865
0.18445 2866
0.1877 2867
0.19265 2868
0.19095 2869
0.19285 2870
0.19285 2871
0.19605 2872
0.18975 2873
0.19835 2874
0.18805 2875
0.18675 2876
0.18585 2877
0.19075 2878
0.1949 2879
0.19155 2880
0.1882 2881
0.19255 2882
0.1878 2883
0.18735 2884
0.19995 2885
0.18565 2886
0.19885 2887
0.1884 2888
0.18415 2889
0.19125 2890
0.2039 2891
0.1907 2892
0.1876 2893
0.18735 2894
0.196 2895
0.1892 2896
0.19415 2897
0.1868 2898
0.18775 2899
0.19055 2900
0.19395 2901
0.1814 2902
0.1907 2903
0.1905 2904
0.1924 2905
0.18325 2906
0.1877 2907
0.18585 2908
0.1927 2909
0.18685 2910
0.19395 2911
0.1931 2912
0.1894 2913
0.18455 2914
0.18685 2915
0.2006 2916
0.1931 2917
0.1967 2918
0.1923 2919
0.182 2920
0.19165 2921
0.191 2922
0.1892 2923
0.1927 2924
0.19285 2925
0.18895 2926
0.18435 2927
0.18715 2928
0.18645 2929
0.19775 2930
0.1864 2931
0.19345 2932
0.1865 2933
0.19485 2934
0.18905 2935
0.19265 2936
0.19445 2937
0.19285 2938
0.1933 2939
0.1943 2940
0.18945 2941
0.18085 2942
0.19185 2943
0.1935 2944
0.1872 2945
0.197 2946
0.1886 2947
0.1899 2948
0.19435 2949
0.18555 2950
0.189 2951
0.19145 2952
0.1967 2953
0.1877 2954
0.19305 2955
0.1889 2956
0.1932 2957
0.19225 2958
0.19175 2959
0.18695 2960
0.18685 2961
0.1949 2962
0.18905 2963
0.187 2964
0.19205 2965
0.18595 2966
0.1863 2967
0.19075 2968
0.1882 2969
0.18425 2970
0.1842 2971
0.1934 2972
0.19065 2973
0.18945 2974
0.1875 2975
0.19055 2976
0.1922 2977
0.19215 2978
0.19105 2979
0.1881 2980
0.18645 2981
0.18885 2982
0.1855 2983
0.1892 2984
0.18425 2985
0.1903 2986
0.19095 2987
0.19895 2988
0.1914 2989
0.1853 2990
0.18905 2991
0.18965 2992
0.18735 2993
0.19015 2994
0.1894 2995
0.1872 2996
0.1885 2997
0.19625 2998
0.1835 2999
0.1883 3000
0.1894 3001
0.19245 3002
0.19275 3003
0.1849 3004
0.1918 3005
0.19915 3006
0.1952 3007
0.19255 3008
0.1924 3009
0.19155 3010
0.19645 3011
0.19065 3012
0.18545 3013
0.18915 3014
0.1947 3015
0.191 3016
0.1889 3017
0.20145 3018
0.1909 3019
0.19625 3020
0.18805 3021
0.19 3022
0.198 3023
0.1921 3024
0.1864 3025
0.19 3026
0.1958 3027
0.1924 3028
0.19185 3029
0.1896 3030
0.1958 3031
0.1932 3032
0.19525 3033
0.1865 3034
0.19175 3035
0.1911 3036
0.18395 3037
0.19005 3038
0.18685 3039
0.1932 3040
0.1909 3041
0.1923 3042
0.1964 3043
0.1866 3044
0.1986 3045
0.18995 3046
0.1894 3047
0.185 3048
0.1919 3049
0.19285 3050
0.183 3051
0.19335 3052
0.1928 3053
0.1937 3054
0.19425 3055
0.18335 3056
0.19095 3057
0.18905 3058
0.1871 3059
0.19255 3060
0.1904 3061
0.1868 3062
0.20335 3063
0.18675 3064
0.1868 3065
0.1903 3066
0.1933 3067
0.18985 3068
0.186 3069
0.18605 3070
0.183 3071
0.19355 3072
0.19225 3073
0.18845 3074
0.19 3075
0.19125 3076
0.1893 3077
0.19195 3078
0.1863 3079
0.1903 3080
0.1923 3081
0.193 3082
0.18465 3083
0.1912 3084
0.1925 3085
0.1865 3086
0.189 3087
0.18765 3088
0.1948 3089
0.19375 3090
0.19385 3091
0.1877 3092
0.187 3093
0.19555 3094
0.1899 3095
0.19825 3096
0.19 3097
0.18335 3098
0.18965 3099
0.1839 3100
0.1872 3101
0.1875 3102
0.19325 3103
0.1885 3104
0.186 3105
0.193 3106
0.1873 3107
0.185 3108
0.1872 3109
0.1945 3110
0.1902 3111
0.1917 3112
0.1924 3113
0.19275 3114
0.1905 3115
0.1908 3116
0.19075 3117
0.1917 3118
0.1971 3119
0.19015 3120
0.18415 3121
0.1868 3122
0.18435 3123
0.18825 3124
0.1921 3125
0.19275 3126
0.1939 3127
0.1883 3128
0.19755 3129
0.19525 3130
0.1876 3131
0.19145 3132
0.19 3133
0.18675 3134
0.1894 3135
0.18955 3136
0.1935 3137
0.19065 3138
0.18635 3139
0.193 3140
0.1912 3141
0.1928 3142
0.1875 3143
0.1888 3144
0.19495 3145
0.18985 3146
0.1954 3147
0.19385 3148
0.19285 3149
0.1893 3150
0.19655 3151
0.19085 3152
0.18995 3153
0.19015 3154
0.1911 3155
0.1888 3156
0.19235 3157
0.18535 3158
0.1944 3159
0.19155 3160
0.1923 3161
0.18475 3162
0.1971 3163
0.19425 3164
0.18345 3165
0.18645 3166
0.19365 3167
0.19505 3168
0.18945 3169
0.18895 3170
0.18795 3171
0.1874 3172
0.18875 3173
0.19275 3174
0.188 3175
0.18805 3176
0.1855 3177
0.1924 3178
0.1907 3179
0.19555 3180
0.192 3181
0.19235 3182
0.189 3183
0.19605 3184
0.18795 3185
0.19485 3186
0.18935 3187
0.19365 3188
0.19165 3189
0.20235 3190
0.1889 3191
0.1967 3192
0.1858 3193
0.19015 3194
0.19885 3195
0.187 3196
0.19305 3197
0.19775 3198
0.1943 3199
0.1915 3200
0.18985 3201
0.1926 3202
0.18905 3203
0.19015 3204
0.19435 3205
0.1912 3206
0.19235 3207
0.18575 3208
0.19325 3209
0.1946 3210
0.1919 3211
0.19715 3212
0.1869 3213
0.1867 3214
0.19455 3215
0.19215 3216
0.2004 3217
0.19075 3218
0.1903 3219
0.19295 3220
0.1946 3221
0.19355 3222
0.1932 3223
0.1897 3224
0.1831 3225
0.20165 3226
0.1886 3227
0.1851 3228
0.19075 3229
0.18445 3230
0.1871 3231
0.19015 3232
0.18905 3233
0.18485 3234
0.1912 3235
0.1973 3236
0.18675 3237
0.1845 3238
0.19295 3239
0.19065 3240
0.18615 3241
0.1835 3242
0.1915 3243
0.18555 3244
0.19495 3245
0.18795 3246
0.1902 3247
0.19435 3248
0.1908 3249
0.1947 3250
0.1855 3251
0.1893 3252
0.19795 3253
0.19235 3254
0.1911 3255
0.19425 3256
0.19295 3257
0.1877 3258
0.18385 3259
0.1966 3260
0.1925 3261
0.19035 3262
0.1942 3263
0.20395 3264
0.18725 3265
0.18775 3266
0.19675 3267
0.19 3268
0.18435 3269
0.19105 3270
0.1978 3271
0.1861 3272
0.1952 3273
0.1913 3274
0.19625 3275
0.1869 3276
0.1814 3277
0.1897 3278
0.19385 3279
0.193 3280
0.19245 3281
0.19335 3282
0.19795 3283
0.19 3284
0.19425 3285
0.1928 3286
0.1924 3287
0.1862 3288
0.18705 3289
0.18995 3290
0.19345 3291
0.18695 3292
0.187 3293
0.1845 3294
0.19515 3295
0.1779 3296
0.18655 3297
0.1884 3298
0.1898 3299
0.19865 3300
0.19155 3301
0.18945 3302
0.19235 3303
0.1895 3304
0.1955 3305
0.1965 3306
0.1953 3307
0.1931 3308
0.1917 3309
0.1904 3310
0.18605 3311
0.19055 3312
0.18395 3313
0.18805 3314
0.19715 3315
0.1968 3316
0.1959 3317
0.19225 3318
0.18965 3319
0.1872 3320
0.18685 3321
0.1886 3322
0.19215 3323
0.1881 3324
0.1918 3325
0.19675 3326
0.19265 3327
0.1873 3328
0.19265 3329
0.1925 3330
0.1877 3331
0.19855 3332
0.1897 3333
0.193 3334
0.19005 3335
0.20045 3336
0.1909 3337
0.1886 3338
0.20365 3339
0.19685 3340
0.1969 3341
0.1943 3342
0.19075 3343
0.1894 3344
0.1852 3345
0.1958 3346
0.1931 3347
0.19155 3348
0.19295 3349
0.1917 3350
0.1912 3351
0.1872 3352
0.1883 3353
0.1938 3354
0.1863 3355
0.18495 3356
0.1902 3357
0.19155 3358
0.1884 3359
0.18955 3360
0.19125 3361
0.19275 3362
0.1968 3363
0.1909 3364
0.18875 3365
0.1867 3366
0.1884 3367
0.1827 3368
0.18675 3369
0.1852 3370
0.18475 3371
0.1898 3372
0.19555 3373
0.19655 3374
0.18895 3375
0.19355 3376
0.1919 3377
0.1953 3378
0.19015 3379
0.18925 3380
0.1838 3381
0.1853 3382
0.19265 3383
0.19165 3384
0.1916 3385
0.19365 3386
0.1942 3387
0.18845 3388
0.1878 3389
0.1969 3390
0.196 3391
0.1933 3392
0.1898 3393
0.18305 3394
0.18495 3395
0.1899 3396
0.1973 3397
0.18585 3398
0.1865 3399
0.1963 3400
0.1919 3401
0.1855 3402
0.18595 3403
0.18815 3404
0.18975 3405
0.19695 3406
0.195 3407
0.1901 3408
0.18915 3409
0.19125 3410
0.19115 3411
0.1944 3412
0.1914 3413
0.19125 3414
0.18975 3415
0.19055 3416
0.18355 3417
0.1944 3418
0.1834 3419
0.18195 3420
0.18755 3421
0.18725 3422
0.19035 3423
0.195 3424
0.1852 3425
0.19575 3426
0.18755 3427
0.1928 3428
0.1896 3429
0.1915 3430
0.1878 3431
0.1868 3432
0.19295 3433
0.18325 3434
0.1963 3435
0.20145 3436
0.1861 3437
0.1871 3438
0.19355 3439
0.189 3440
0.18795 3441
0.19365 3442
0.19685 3443
0.1855 3444
0.18795 3445
0.1963 3446
0.19185 3447
0.18865 3448
0.18965 3449
0.18915 3450
0.1897 3451
0.18985 3452
0.1894 3453
0.1962 3454
0.1887 3455
0.20635 3456
0.1896 3457
0.1949 3458
0.19195 3459
0.1899 3460
0.1882 3461
0.19005 3462
0.2013 3463
0.1961 3464
0.19325 3465
0.1842 3466
0.1922 3467
0.1881 3468
0.1891 3469
0.1874 3470
0.1895 3471
0.1947 3472
0.1913 3473
0.1937 3474
0.1962 3475
0.19085 3476
0.1916 3477
0.18575 3478
0.1909 3479
0.19305 3480
0.197 3481
0.1885 3482
0.1946 3483
0.18905 3484
0.1925 3485
0.18705 3486
0.1899 3487
0.1875 3488
0.18785 3489
0.19385 3490
0.19355 3491
0.19605 3492
0.1901 3493
0.1934 3494
0.1905 3495
0.19515 3496
0.189 3497
0.1923 3498
0.19715 3499
0.1935 3500
0.18865 3501
0.19445 3502
0.1927 3503
0.1833 3504
0.189 3505
0.1931 3506
0.18255 3507
0.1976 3508
0.1894 3509
0.1898 3510
0.18995 3511
0.18485 3512
0.1866 3513
0.18455 3514
0.18705 3515
0.1875 3516
0.19275 3517
0.1916 3518
0.20565 3519
0.18455 3520
0.18625 3521
0.1867 3522
0.1959 3523
0.1953 3524
0.1886 3525
0.19355 3526
0.1928 3527
0.1841 3528
0.1886 3529
0.1904 3530
0.18855 3531
0.1899 3532
0.1862 3533
0.1932 3534
0.1984 3535
0.1894 3536
0.1889 3537
0.19045 3538
0.19145 3539
0.198 3540
0.1945 3541
0.18895 3542
0.1866 3543
0.18835 3544
0.18985 3545
0.1846 3546
0.19675 3547
0.1937 3548
0.1871 3549
0.19145 3550
0.18945 3551
0.18805 3552
0.1884 3553
0.1941 3554
0.18545 3555
0.19085 3556
0.19575 3557
0.1899 3558
0.19085 3559
0.18685 3560
0.1924 3561
0.19035 3562
0.1854 3563
0.197 3564
0.19145 3565
0.19785 3566
0.18595 3567
0.1858 3568
0.1949 3569
0.1921 3570
0.19405 3571
0.19445 3572
0.1901 3573
0.1935 3574
0.19005 3575
0.18685 3576
0.1922 3577
0.18515 3578
0.19635 3579
0.19535 3580
0.19155 3581
0.19685 3582
0.19515 3583
0.18595 3584
0.1927 3585
0.18675 3586
0.18995 3587
0.18825 3588
0.1942 3589
0.19155 3590
0.1962 3591
0.18945 3592
0.1875 3593
0.1916 3594
0.18325 3595
0.1892 3596
0.1951 3597
0.18565 3598
0.18925 3599
0.1901 3600
0.19335 3601
0.1949 3602
0.18585 3603
0.1904 3604
0.1859 3605
0.1916 3606
0.1907 3607
0.1817 3608
0.1915 3609
0.18405 3610
0.1881 3611
0.18665 3612
0.1877 3613
0.18975 3614
0.1927 3615
0.1927 3616
0.1928 3617
0.191 3618
0.1949 3619
0.19395 3620
0.1912 3621
0.1885 3622
0.18775 3623
0.1921 3624
0.19165 3625
0.1918 3626
0.1865 3627
0.19045 3628
0.1949 3629
0.18895 3630
0.18925 3631
0.18455 3632
0.1892 3633
0.1854 3634
0.19125 3635
0.19165 3636
0.1852 3637
0.1895 3638
0.1852 3639
0.19835 3640
0.19135 3641
0.19635 3642
0.19535 3643
0.1892 3644
0.19155 3645
0.1948 3646
0.199 3647
0.18845 3648
0.18765 3649
0.1905 3650
0.1886 3651
0.1873 3652
0.19525 3653
0.19 3654
0.1946 3655
0.18785 3656
0.1886 3657
0.19485 3658
0.186 3659
0.19695 3660
0.1921 3661
0.19805 3662
0.19275 3663
0.19045 3664
0.1867 3665
0.2039 3666
0.1903 3667
0.1922 3668
0.18955 3669
0.1981 3670
0.19435 3671
0.189 3672
0.1907 3673
0.1885 3674
0.19265 3675
0.19695 3676
0.18935 3677
0.1896 3678
0.18345 3679
0.19665 3680
0.19255 3681
0.19515 3682
0.19015 3683
0.19045 3684
0.18805 3685
0.19615 3686
0.1913 3687
0.1876 3688
0.19345 3689
0.19195 3690
0.1884 3691
0.18595 3692
0.1908 3693
0.191 3694
0.18565 3695
0.18375 3696
0.18915 3697
0.19045 3698
0.1986 3699
0.1886 3700
0.18965 3701
0.19275 3702
0.19525 3703
0.1954 3704
0.1821 3705
0.191 3706
0.1871 3707
0.1974 3708
0.1921 3709
0.1852 3710
0.19225 3711
0.19065 3712
0.1878 3713
0.18915 3714
0.1936 3715
0.19335 3716
0.1966 3717
0.1961 3718
0.1845 3719
0.18495 3720
0.18385 3721
0.1934 3722
0.19325 3723
0.19 3724
0.19 3725
0.18745 3726
0.19305 3727
0.19325 3728
0.18525 3729
0.18545 3730
0.19365 3731
0.19545 3732
0.1911 3733
0.18985 3734
0.19345 3735
0.19425 3736
0.19625 3737
0.1904 3738
0.1906 3739
0.1894 3740
0.18915 3741
0.1888 3742
0.1934 3743
0.19135 3744
0.19465 3745
0.1907 3746
0.1983 3747
0.2005 3748
0.1942 3749
0.192 3750
0.19335 3751
0.1826 3752
0.1857 3753
0.1958 3754
0.1838 3755
0.1914 3756
0.18645 3757
0.1841 3758
0.1951 3759
0.19065 3760
0.1929 3761
0.1888 3762
0.18465 3763
0.1839 3764
0.1892 3765
0.1869 3766
0.1917 3767
0.1873 3768
0.18845 3769
0.19205 3770
0.18785 3771
0.1981 3772
0.1929 3773
0.1872 3774
0.19165 3775
0.1953 3776
0.1892 3777
0.19005 3778
0.1868 3779
0.196 3780
0.19085 3781
0.18635 3782
0.1917 3783
0.19365 3784
0.1873 3785
0.18415 3786
0.1908 3787
0.18525 3788
0.1933 3789
0.19175 3790
0.18565 3791
0.18855 3792
0.19295 3793
0.1936 3794
0.19135 3795
0.18655 3796
0.1909 3797
0.19165 3798
0.18505 3799
0.19285 3800
0.1837 3801
0.1921 3802
0.19595 3803
0.19425 3804
0.19125 3805
0.2042 3806
0.18315 3807
0.18755 3808
0.1908 3809
0.19065 3810
0.19295 3811
0.1994 3812
0.18785 3813
0.1935 3814
0.1956 3815
0.19465 3816
0.19035 3817
0.1932 3818
0.1847 3819
0.18695 3820
0.1917 3821
0.1935 3822
0.1961 3823
0.1933 3824
0.18715 3825
0.18985 3826
0.1908 3827
0.1916 3828
0.18535 3829
0.19605 3830
0.1903 3831
0.19065 3832
0.1947 3833
0.18295 3834
0.1888 3835
0.1911 3836
0.19125 3837
0.1991 3838
0.19045 3839
0.1894 3840
0.2002 3841
0.1905 3842
0.19255 3843
0.1873 3844
0.19115 3845
0.189 3846
0.19315 3847
0.1923 3848
0.1871 3849
0.19425 3850
0.1869 3851
0.19415 3852
0.1909 3853
0.1901 3854
0.1956 3855
0.1907 3856
0.1914 3857
0.18655 3858
0.1893 3859
0.1918 3860
0.19085 3861
0.19775 3862
0.19035 3863
0.18965 3864
0.1968 3865
0.19545 3866
0.1877 3867
0.1927 3868
0.19165 3869
0.19505 3870
0.19165 3871
0.1904 3872
0.19265 3873
0.18785 3874
0.19065 3875
0.19255 3876
0.19465 3877
0.18495 3878
0.18835 3879
0.1924 3880
0.1874 3881
0.18935 3882
0.1968 3883
0.1873 3884
0.1901 3885
0.1975 3886
0.1909 3887
0.18815 3888
0.18875 3889
0.1959 3890
0.18315 3891
0.18485 3892
0.1915 3893
0.19445 3894
0.18855 3895
0.1907 3896
0.19375 3897
0.18945 3898
0.19325 3899
0.18615 3900
0.1904 3901
0.1864 3902
0.1951 3903
0.19015 3904
0.19325 3905
0.19195 3906
0.20095 3907
0.1946 3908
0.19505 3909
0.1893 3910
0.1878 3911
0.1914 3912
0.18565 3913
0.19175 3914
0.19345 3915
0.1902 3916
0.1862 3917
0.1869 3918
0.1887 3919
0.1969 3920
0.18135 3921
0.19195 3922
0.19255 3923
0.1923 3924
0.18785 3925
0.19075 3926
0.19075 3927
0.18475 3928
0.18865 3929
0.18835 3930
0.1899 3931
0.18415 3932
0.1899 3933
0.186 3934
0.1911 3935
0.19145 3936
0.1828 3937
0.18895 3938
0.19265 3939
0.1903 3940
0.19175 3941
0.18615 3942
0.1938 3943
0.1902 3944
0.18895 3945
0.1911 3946
0.1916 3947
0.18525 3948
0.1861 3949
0.1892 3950
0.18925 3951
0.1845 3952
0.1917 3953
0.1899 3954
0.18525 3955
0.197 3956
0.19965 3957
0.1857 3958
0.1829 3959
0.19245 3960
0.1936 3961
0.1884 3962
0.18625 3963
0.20105 3964
0.18435 3965
0.1878 3966
0.1903 3967
0.18855 3968
0.19175 3969
0.18495 3970
0.18735 3971
0.19285 3972
0.1875 3973
0.18575 3974
0.187 3975
0.19245 3976
0.1882 3977
0.18315 3978
0.19325 3979
0.18875 3980
0.1876 3981
0.18915 3982
0.19165 3983
0.19825 3984
0.19335 3985
0.18925 3986
0.1933 3987
0.1897 3988
0.1903 3989
0.1924 3990
0.1883 3991
0.1972 3992
0.1825 3993
0.19245 3994
0.19115 3995
0.1956 3996
0.2 3997
0.1894 3998
0.19075 3999
0.18575 4000
0.19225 4001
0.19065 4002
0.19445 4003
0.1922 4004
0.19795 4005
0.1884 4006
0.1906 4007
0.1914 4008
0.1866 4009
0.19755 4010
0.18915 4011
0.18645 4012
0.18835 4013
0.1927 4014
0.19435 4015
0.1999 4016
0.19725 4017
0.18865 4018
0.1901 4019
0.19385 4020
0.19445 4021
0.1971 4022
0.187 4023
0.1909 4024
0.19075 4025
0.19005 4026
0.1895 4027
0.1898 4028
0.1912 4029
0.19215 4030
0.1934 4031
0.189 4032
0.19915 4033
0.1954 4034
0.18675 4035
0.19665 4036
0.1929 4037
0.19255 4038
0.1918 4039
0.19095 4040
0.1919 4041
0.19105 4042
0.19285 4043
0.1911 4044
0.19385 4045
0.19455 4046
0.1898 4047
0.1847 4048
0.18935 4049
0.18955 4050
0.18865 4051
0.19325 4052
0.18415 4053
0.1889 4054
0.19495 4055
0.1856 4056
0.1979 4057
0.19155 4058
0.1941 4059
0.18795 4060
0.1861 4061
0.1822 4062
0.196 4063
0.19525 4064
0.19515 4065
0.19235 4066
0.19815 4067
0.19525 4068
0.19125 4069
0.1842 4070
0.1877 4071
0.1883 4072
0.19055 4073
0.18385 4074
0.19485 4075
0.19105 4076
0.1901 4077
0.1893 4078
0.19395 4079
0.19595 4080
0.1941 4081
0.19325 4082
0.18725 4083
0.18595 4084
0.189 4085
0.19685 4086
0.1858 4087
0.1938 4088
0.19375 4089
0.1888 4090
0.18525 4091
0.18535 4092
0.18475 4093
0.19155 4094
0.1881 4095
0.1853 4096
0.1896 4097
0.19275 4098
0.1922 4099
0.1961 4100
0.1867 4101
0.1857 4102
0.19185 4103
0.18495 4104
0.19315 4105
0.19205 4106
0.1944 4107
0.1847 4108
0.1911 4109
0.1975 4110
0.18535 4111
0.19135 4112
0.18685 4113
0.1962 4114
0.19005 4115
0.1868 4116
0.1901 4117
0.18575 4118
0.19195 4119
0.19245 4120
0.195 4121
0.18695 4122
0.19105 4123
0.1892 4124
0.1914 4125
0.1927 4126
0.189 4127
0.19005 4128
0.19325 4129
0.1907 4130
0.1859 4131
0.19605 4132
0.19055 4133
0.19485 4134
0.17685 4135
0.18835 4136
0.1945 4137
0.19275 4138
0.18675 4139
0.1893 4140
0.18785 4141
0.19005 4142
0.1927 4143
0.18535 4144
0.1874 4145
0.1954 4146
0.1913 4147
0.1917 4148
0.187 4149
0.19175 4150
0.1917 4151
0.1912 4152
0.19645 4153
0.19275 4154
0.18945 4155
0.18725 4156
0.188 4157
0.192 4158
0.18775 4159
0.1955 4160
0.18795 4161
0.19025 4162
0.1905 4163
0.1881 4164
0.1935 4165
0.1898 4166
0.1859 4167
0.18835 4168
0.18955 4169
0.19 4170
0.19225 4171
0.19175 4172
0.1916 4173
0.18935 4174
0.19075 4175
0.1924 4176
0.1935 4177
0.19225 4178
0.1877 4179
0.1899 4180
0.1968 4181
0.19045 4182
0.1947 4183
0.1843 4184
0.19445 4185
0.19595 4186
0.19295 4187
0.191 4188
0.18735 4189
0.19215 4190
0.191 4191
0.18935 4192
0.18295 4193
0.19255 4194
0.19475 4195
0.19075 4196
0.18875 4197
0.18645 4198
0.18625 4199
0.19305 4200
0.19415 4201
0.19335 4202
0.18815 4203
0.19395 4204
0.19155 4205
0.19015 4206
0.18895 4207
0.18315 4208
0.1888 4209
0.19095 4210
0.18585 4211
0.1892 4212
0.1967 4213
0.18985 4214
0.1953 4215
0.19175 4216
0.19365 4217
0.19505 4218
0.1864 4219
0.19 4220
0.18545 4221
0.19455 4222
0.19355 4223
0.19025 4224
0.18665 4225
0.1947 4226
0.1825 4227
0.19285 4228
0.1843 4229
0.1931 4230
0.19075 4231
0.1862 4232
0.19005 4233
0.188 4234
0.1944 4235
0.1998 4236
0.19365 4237
0.18475 4238
0.1898 4239
0.18955 4240
0.19335 4241
0.1889 4242
0.19085 4243
0.1831 4244
0.1871 4245
0.19395 4246
0.19725 4247
0.1918 4248
0.18915 4249
0.1895 4250
0.18885 4251
0.1885 4252
0.1871 4253
0.19095 4254
0.1906 4255
0.1953 4256
0.19265 4257
0.18355 4258
0.18405 4259
0.1947 4260
0.18655 4261
0.19195 4262
0.186 4263
0.19575 4264
0.19875 4265
0.19545 4266
0.19295 4267
0.1892 4268
0.1909 4269
0.19315 4270
0.18405 4271
0.1897 4272
0.18435 4273
0.17855 4274
0.18775 4275
0.19335 4276
0.18995 4277
0.1884 4278
0.19575 4279
0.1883 4280
0.19065 4281
0.1912 4282
0.1953 4283
0.19015 4284
0.1886 4285
0.19625 4286
0.1916 4287
0.18675 4288
0.18545 4289
0.18525 4290
0.195 4291
0.1899 4292
0.192 4293
0.1875 4294
0.1903 4295
0.1937 4296
0.19165 4297
0.20295 4298
0.1902 4299
0.1849 4300
0.19205 4301
0.1912 4302
0.19945 4303
0.19125 4304
0.1873 4305
0.18515 4306
0.18465 4307
0.19655 4308
0.19025 4309
0.1929 4310
0.18685 4311
0.1844 4312
0.18625 4313
0.1867 4314
0.1914 4315
0.1933 4316
0.1898 4317
0.19305 4318
0.195 4319
0.1966 4320
0.19465 4321
0.1913 4322
0.1929 4323
0.18735 4324
0.1934 4325
0.1897 4326
0.18445 4327
0.189 4328
0.1938 4329
0.1913 4330
0.18735 4331
0.18495 4332
0.19225 4333
0.19155 4334
0.19195 4335
0.19055 4336
0.19 4337
0.19675 4338
0.1847 4339
0.18975 4340
0.19585 4341
0.19205 4342
0.1872 4343
0.18425 4344
0.1937 4345
0.18315 4346
0.19155 4347
0.1871 4348
0.1924 4349
0.19625 4350
0.1914 4351
0.18495 4352
0.1947 4353
0.19435 4354
0.1893 4355
0.19175 4356
0.19545 4357
0.193 4358
0.19085 4359
0.18645 4360
0.1916 4361
0.1957 4362
0.1927 4363
0.183 4364
0.18405 4365
0.1956 4366
0.18575 4367
0.1966 4368
0.19485 4369
0.19655 4370
0.19355 4371
0.18555 4372
0.1944 4373
0.1903 4374
0.18715 4375
0.1889 4376
0.1931 4377
0.1876 4378
0.18995 4379
0.18895 4380
0.18515 4381
0.19505 4382
0.1909 4383
0.19625 4384
0.19285 4385
0.18595 4386
0.19885 4387
0.1908 4388
0.19445 4389
0.185 4390
0.1965 4391
0.1904 4392
0.18315 4393
0.18945 4394
0.1877 4395
0.19395 4396
0.18755 4397
0.2006 4398
0.18975 4399
0.1896 4400
0.19795 4401
0.1938 4402
0.19205 4403
0.19375 4404
0.1876 4405
0.1979 4406
0.1954 4407
0.1914 4408
0.20225 4409
0.1863 4410
0.1847 4411
0.19645 4412
0.19565 4413
0.19515 4414
0.18725 4415
0.188 4416
0.18795 4417
0.19495 4418
0.1933 4419
0.18595 4420
0.19675 4421
0.1867 4422
0.1948 4423
0.1822 4424
0.19255 4425
0.19585 4426
0.18605 4427
0.1795 4428
0.1966 4429
0.1935 4430
0.19365 4431
0.196 4432
0.1848 4433
0.1902 4434
0.19225 4435
0.1867 4436
0.1951 4437
0.18755 4438
0.1961 4439
0.19155 4440
0.18505 4441
0.1887 4442
0.1976 4443
0.18865 4444
0.212 4445
0.19445 4446
0.19025 4447
0.19195 4448
0.19485 4449
0.1942 4450
0.19355 4451
0.1999 4452
0.1932 4453
0.19175 4454
0.18825 4455
0.1884 4456
0.18525 4457
0.19 4458
0.20035 4459
0.1936 4460
0.19025 4461
0.1831 4462
0.1991 4463
0.1899 4464
0.18785 4465
0.1938 4466
0.19495 4467
0.19445 4468
0.19155 4469
0.19225 4470
0.1865 4471
0.19115 4472
0.19065 4473
0.18175 4474
0.18935 4475
0.1912 4476
0.18925 4477
0.18235 4478
0.18815 4479
0.19385 4480
0.19045 4481
0.1881 4482
0.18885 4483
0.1911 4484
0.1874 4485
0.1834 4486
0.18565 4487
0.1884 4488
0.19175 4489
0.19355 4490
0.1917 4491
0.1928 4492
0.19625 4493
0.19415 4494
0.1865 4495
0.19355 4496
0.18815 4497
0.1907 4498
0.19865 4499
0.18545 4500
0.1894 4501
0.1989 4502
0.19055 4503
0.1936 4504
0.18975 4505
0.1867 4506
0.1889 4507
0.18995 4508
0.18515 4509
0.18755 4510
0.1971 4511
0.1895 4512
0.1968 4513
0.18165 4514
0.19185 4515
0.19415 4516
0.18795 4517
0.19685 4518
0.18755 4519
0.19115 4520
0.18985 4521
0.19005 4522
0.1911 4523
0.1945 4524
0.18905 4525
0.1914 4526
0.1894 4527
0.1966 4528
0.19105 4529
0.1895 4530
0.19375 4531
0.19025 4532
0.1877 4533
0.18735 4534
0.19405 4535
0.1923 4536
0.1928 4537
0.18825 4538
0.1963 4539
0.1906 4540
0.185 4541
0.1864 4542
0.19075 4543
0.18975 4544
0.1884 4545
0.19275 4546
0.19275 4547
0.1896 4548
0.18625 4549
0.19545 4550
0.19355 4551
0.18895 4552
0.1933 4553
0.18935 4554
0.18145 4555
0.18395 4556
0.18505 4557
0.194 4558
0.191 4559
0.18615 4560
0.19425 4561
0.1876 4562
0.19215 4563
0.19005 4564
0.18635 4565
0.18495 4566
0.19695 4567
0.1894 4568
0.1901 4569
0.1813 4570
0.1915 4571
0.1988 4572
0.1894 4573
0.1956 4574
0.1928 4575
0.19135 4576
0.18795 4577
0.18455 4578
0.19525 4579
0.18855 4580
0.1874 4581
0.1911 4582
0.19075 4583
0.1879 4584
0.18545 4585
0.19525 4586
0.1892 4587
0.1938 4588
0.1875 4589
0.1932 4590
0.19655 4591
0.19215 4592
0.1902 4593
0.18675 4594
0.1891 4595
0.19615 4596
0.19385 4597
0.1918 4598
0.18845 4599
0.1913 4600
0.18715 4601
0.19245 4602
0.1875 4603
0.18775 4604
0.1928 4605
0.1902 4606
0.1913 4607
0.18705 4608
0.18985 4609
0.1929 4610
0.1997 4611
0.18585 4612
0.18945 4613
0.18395 4614
0.1976 4615
0.19165 4616
0.19495 4617
0.1922 4618
0.1932 4619
0.1876 4620
0.193 4621
0.19575 4622
0.1945 4623
0.19525 4624
0.18545 4625
0.19835 4626
0.192 4627
0.1892 4628
0.1943 4629
0.1955 4630
0.1884 4631
0.1876 4632
0.19125 4633
0.194 4634
0.1951 4635
0.19125 4636
0.1876 4637
0.1891 4638
0.19445 4639
0.1958 4640
0.1867 4641
0.18875 4642
0.18995 4643
0.1919 4644
0.1957 4645
0.19095 4646
0.18555 4647
0.19305 4648
0.1888 4649
0.1885 4650
0.19335 4651
0.19705 4652
0.1918 4653
0.19365 4654
0.18995 4655
0.19025 4656
0.18585 4657
0.1891 4658
0.19345 4659
0.18635 4660
0.189 4661
0.1967 4662
0.19105 4663
0.19365 4664
0.1974 4665
0.19165 4666
0.19535 4667
0.1864 4668
0.1913 4669
0.18815 4670
0.19175 4671
0.19065 4672
0.1875 4673
0.1987 4674
0.19155 4675
0.1864 4676
0.1884 4677
0.19885 4678
0.20145 4679
0.19255 4680
0.18805 4681
0.1944 4682
0.1945 4683
0.18925 4684
0.19175 4685
0.2 4686
0.1886 4687
0.19455 4688
0.18105 4689
0.1832 4690
0.19295 4691
0.1946 4692
0.19135 4693
0.1895 4694
0.1868 4695
0.19105 4696
0.18945 4697
0.1882 4698
0.19115 4699
0.1899 4700
0.19155 4701
0.18755 4702
0.1942 4703
0.18655 4704
0.1906 4705
0.1929 4706
0.19155 4707
0.1856 4708
0.1927 4709
0.1932 4710
0.19435 4711
0.1929 4712
0.18745 4713
0.18585 4714
0.19295 4715
0.1983 4716
0.1916 4717
0.19095 4718
0.186 4719
0.1907 4720
0.2004 4721
0.19465 4722
0.18695 4723
0.19355 4724
0.1964 4725
0.1985 4726
0.19815 4727
0.1916 4728
0.18775 4729
0.1864 4730
0.1878 4731
0.1835 4732
0.1962 4733
0.1869 4734
0.19115 4735
0.19255 4736
0.18025 4737
0.18355 4738
0.18965 4739
0.1964 4740
0.1932 4741
0.19275 4742
0.1913 4743
0.18745 4744
0.18955 4745
0.19005 4746
0.1955 4747
0.1882 4748
0.19435 4749
0.18975 4750
0.19295 4751
0.1924 4752
0.19835 4753
0.1931 4754
0.18765 4755
0.18705 4756
0.19205 4757
0.1909 4758
0.19515 4759
0.18675 4760
0.18845 4761
0.18245 4762
0.18925 4763
0.1926 4764
0.1839 4765
0.19065 4766
0.18865 4767
0.1884 4768
0.1861 4769
0.1883 4770
0.1939 4771
0.18985 4772
0.1851 4773
0.1896 4774
0.1909 4775
0.1955 4776
0.1915 4777
0.1877 4778
0.19085 4779
0.1928 4780
0.18985 4781
0.18435 4782
0.19815 4783
0.19205 4784
0.1859 4785
0.20015 4786
0.18855 4787
0.1964 4788
0.1903 4789
0.1893 4790
0.2009 4791
0.18535 4792
0.195 4793
0.19335 4794
0.19125 4795
0.18595 4796
0.1879 4797
0.19425 4798
0.18825 4799
0.18185 4800
0.19135 4801
0.1992 4802
0.19015 4803
0.18525 4804
0.1925 4805
0.1971 4806
0.18925 4807
0.19925 4808
0.1983 4809
0.1954 4810
0.1927 4811
0.2004 4812
0.1889 4813
0.1978 4814
0.19435 4815
0.1867 4816
0.19605 4817
0.2009 4818
0.19575 4819
0.1916 4820
0.1898 4821
0.18255 4822
0.1918 4823
0.18745 4824
0.18365 4825
0.1932 4826
0.1869 4827
0.1907 4828
0.2001 4829
0.19495 4830
0.19395 4831
0.1869 4832
0.1893 4833
0.19245 4834
0.1918 4835
0.19615 4836
0.1894 4837
0.1907 4838
0.19535 4839
0.1987 4840
0.18985 4841
0.19385 4842
0.1903 4843
0.19395 4844
0.19045 4845
0.1951 4846
0.1915 4847
0.19685 4848
0.1971 4849
0.18585 4850
0.19195 4851
0.18955 4852
0.192 4853
0.19115 4854
0.18935 4855
0.19925 4856
0.2006 4857
0.17975 4858
0.18335 4859
0.187 4860
0.1916 4861
0.19195 4862
0.18735 4863
0.1866 4864
0.18725 4865
0.1909 4866
0.1861 4867
0.18975 4868
0.18715 4869
0.1894 4870
0.1886 4871
0.19155 4872
0.18635 4873
0.19065 4874
0.18755 4875
0.18845 4876
0.1966 4877
0.18815 4878
0.2106 4879
0.1962 4880
0.1913 4881
0.1948 4882
0.19585 4883
0.19325 4884
0.1915 4885
0.1974 4886
0.1914 4887
0.19285 4888
0.1922 4889
0.19415 4890
0.1937 4891
0.1927 4892
0.1916 4893
0.1813 4894
0.19615 4895
0.19595 4896
0.1951 4897
0.1862 4898
0.19535 4899
0.191 4900
0.1979 4901
0.1929 4902
0.1856 4903
0.1879 4904
0.1871 4905
0.19545 4906
0.19025 4907
0.1828 4908
0.1847 4909
0.1872 4910
0.1954 4911
0.19615 4912
0.1902 4913
0.18835 4914
0.18805 4915
0.18635 4916
0.1905 4917
0.1877 4918
0.1948 4919
0.19645 4920
0.1863 4921
0.19205 4922
0.20195 4923
0.1875 4924
0.19575 4925
0.19495 4926
0.1933 4927
0.18325 4928
0.19535 4929
0.19575 4930
0.1896 4931
0.19065 4932
0.1905 4933
0.1914 4934
0.19295 4935
0.19125 4936
0.19175 4937
0.1913 4938
0.19185 4939
0.19345 4940
0.19005 4941
0.19505 4942
0.1925 4943
0.1894 4944
0.1864 4945
0.1881 4946
0.18965 4947
0.19445 4948
0.1852 4949
0.19545 4950
0.19445 4951
0.1942 4952
0.1878 4953
0.1891 4954
0.19575 4955
0.1945 4956
0.19065 4957
0.19185 4958
0.1962 4959
0.1893 4960
0.195 4961
0.18675 4962
0.1925 4963
0.1887 4964
0.187 4965
0.1869 4966
0.1964 4967
0.1882 4968
0.1902 4969
0.192 4970
0.1914 4971
0.1914 4972
0.1943 4973
0.19315 4974
0.1903 4975
0.1901 4976
0.19175 4977
0.19235 4978
0.1846 4979
0.1906 4980
0.1883 4981
0.19005 4982
0.19025 4983
0.19175 4984
0.1967 4985
0.19135 4986
0.19455 4987
0.186 4988
0.19475 4989
0.1946 4990
0.1973 4991
0.1893 4992
0.18935 4993
0.1882 4994
0.1935 4995
0.18945 4996
0.1942 4997
0.19245 4998
0.1896 4999
0.1869 5000
