0.1679 153
0.1693 202
0.17185 155
0.1721 147
0.17325 3
0.17385 414
0.17395 109
0.1743 129
0.1745 392
0.1747 193
0.1749 101
0.17565 468
0.1759 37
0.17655 86
0.1766 41
0.17665 85
0.1769 352
0.17715 314
0.17775 179
0.1782 318
0.1785 483
0.1786 386
0.1788 195
0.17885 159
0.17885 178
0.17915 266
0.17925 446
0.17955 359
0.1798 136
0.1799 62
0.17995 196
0.18015 150
0.1803 431
0.18035 15
0.18035 348
0.1804 277
0.18055 116
0.1807 254
0.18085 175
0.18095 239
0.18125 122
0.1814 485
0.18145 445
0.1815 184
0.18165 113
0.18165 249
0.1817 145
0.18175 103
0.1819 413
0.18195 56
0.182 124
0.18205 141
0.1822 294
0.1824 479
0.18245 154
0.18245 281
0.1826 94
0.18265 245
0.1827 12
0.18275 201
0.1828 469
0.18285 293
0.18295 167
0.1831 452
0.1832 9
0.18335 360
0.18365 495
0.1838 296
0.1839 164
0.1839 320
0.184 353
0.184 403
0.18435 402
0.18445 140
0.18445 234
0.18455 345
0.1847 287
0.1848 364
0.18485 358
0.18515 187
0.1852 100
0.1852 412
0.18525 108
0.1853 166
0.1853 302
0.1853 52
0.18535 87
0.18555 477
0.18565 224
0.18565 363
0.18575 312
0.18575 81
0.18575 91
0.1858 169
0.1858 416
0.1859 212
0.186 189
0.186 340
0.18605 24
0.18605 263
0.18605 274
0.18605 92
0.1862 396
0.1863 430
0.18635 128
0.18635 292
0.18655 162
0.18655 436
0.1866 211
0.1868 458
0.1869 80
0.18705 323
0.18705 68
0.1871 44
0.18715 188
0.18715 405
0.1872 1
0.1872 217
0.1872 380
0.1872 434
0.18725 480
0.1873 422
0.18735 429
0.1874 17
0.18745 171
0.18745 307
0.18745 419
0.1875 257
0.18755 208
0.1877 417
0.18775 198
0.1878 132
0.1878 489
0.18785 457
0.18785 96
0.18795 104
0.188 197
0.1881 321
0.18815 371
0.1883 123
0.1883 350
0.1883 387
0.18835 374
0.18835 497
0.1885 74
0.18855 238
0.1886 216
0.18865 472
0.1887 119
0.18885 267
0.1889 73
0.18895 16
0.18905 337
0.18905 493
0.18915 305
0.18915 481
0.18925 464
0.1893 382
0.18935 410
0.1894 226
0.18945 233
0.18945 341
0.1896 190
0.18965 283
0.18965 498
0.1897 236
0.1898 461
0.1898 51
0.18995 180
0.18995 467
0.1902 290
0.1902 451
0.1903 284
0.1903 60
0.19045 21
0.19045 377
0.1905 487
0.19055 278
0.19055 300
0.19055 418
0.19055 444
0.1906 102
0.1906 289
0.19065 327
0.19065 95
0.1908 346
0.1908 460
0.19085 78
0.1909 218
0.1909 423
0.1909 47
0.191 148
0.1911 232
0.19125 373
0.19145 365
0.1915 421
0.1915 425
0.1915 442
0.19155 70
0.1916 276
0.1916 285
0.19165 496
0.1917 152
0.1917 262
0.1918 471
0.1918 482
0.1919 170
0.1919 441
0.1919 499
0.19195 115
0.192 391
0.192 500
0.19205 378
0.1921 13
0.19215 326
0.19215 43
0.1922 317
0.19225 118
0.19225 35
0.19225 437
0.19225 491
0.1923 222
0.19235 428
0.1924 146
0.1924 349
0.1924 39
0.19245 204
0.19245 361
0.1925 69
0.19255 473
0.19265 331
0.1928 335
0.19285 411
0.19285 77
0.1929 105
0.19295 165
0.19295 253
0.193 127
0.193 28
0.19305 203
0.19305 316
0.19305 407
0.1931 328
0.19315 369
0.19315 67
0.19325 264
0.19325 271
0.19335 370
0.19335 89
0.1934 240
0.19345 362
0.19375 33
0.19385 106
0.19385 71
0.1939 448
0.1941 36
0.19415 435
0.19415 478
0.1942 470
0.19425 131
0.1943 177
0.1943 18
0.1943 42
0.1943 99
0.1944 397
0.1945 275
0.1945 325
0.1945 475
0.19455 308
0.1946 474
0.19465 260
0.1947 383
0.1947 59
0.19475 343
0.19475 459
0.19505 462
0.1951 486
0.19515 332
0.19525 8
0.19525 83
0.1953 347
0.19535 242
0.1955 227
0.19555 250
0.19555 75
0.19565 151
0.19565 432
0.19565 88
0.1957 225
0.1958 379
0.196 339
0.19605 32
0.19605 336
0.1961 126
0.1961 259
0.19615 27
0.19615 298
0.1962 90
0.19625 205
0.1963 133
0.1963 29
0.1963 64
0.1963 98
0.1965 466
0.19655 455
0.1966 390
0.1966 57
0.19665 160
0.19665 319
0.19665 344
0.1968 110
0.1968 355
0.19695 79
0.197 10
0.1971 404
0.19715 144
0.1972 395
0.1972 484
0.19725 209
0.19725 420
0.1974 315
0.1974 66
0.19755 366
0.19755 5
0.19765 215
0.1977 112
0.1977 330
0.1977 34
0.19775 313
0.19785 114
0.198 286
0.19805 139
0.1982 194
0.1982 273
0.1982 324
0.1984 213
0.19845 272
0.19845 447
0.19855 55
0.1987 158
0.1987 354
0.19875 453
0.19895 258
0.19905 456
0.1991 248
0.1992 269
0.1993 246
0.19935 492
0.19955 186
0.19965 111
0.19965 306
0.1998 427
0.1999 134
0.20005 338
0.2001 268
0.2001 438
0.20015 221
0.20015 376
0.2002 30
0.20025 270
0.20025 400
0.2007 228
0.20075 279
0.2008 142
0.2008 243
0.20085 301
0.2009 494
0.201 192
0.20105 310
0.20105 399
0.20115 72
0.2013 439
0.20135 163
0.20135 199
0.20145 247
0.20155 219
0.2017 389
0.20175 121
0.20185 53
0.2019 76
0.20205 255
0.20235 200
0.2024 231
0.2024 251
0.2024 394
0.20245 117
0.20255 2
0.20255 303
0.2026 488
0.20275 334
0.2029 385
0.203 241
0.20305 25
0.20305 288
0.2031 138
0.20315 40
0.20325 156
0.2033 4
0.2033 415
0.20335 14
0.20345 252
0.20345 449
0.2036 311
0.2037 291
0.20395 210
0.20395 465
0.204 237
0.20405 22
0.2041 372
0.20415 181
0.20415 357
0.2043 401
0.20445 176
0.20455 304
0.20455 82
0.20465 183
0.20465 424
0.2048 214
0.2048 295
0.20485 61
0.2049 367
0.20495 31
0.20515 309
0.2053 19
0.20545 426
0.20555 11
0.20555 182
0.2056 297
0.2056 299
0.2056 49
0.2056 65
0.20565 97
0.20575 329
0.20575 381
0.20585 54
0.20605 63
0.20615 368
0.2062 256
0.20625 135
0.20625 220
0.20625 50
0.20635 149
0.20635 185
0.20645 490
0.2067 244
0.2069 388
0.20705 322
0.2071 433
0.2072 120
0.2072 384
0.20755 409
0.2078 265
0.20785 454
0.208 408
0.2081 223
0.20825 356
0.2083 406
0.2084 282
0.2085 235
0.2089 157
0.209 443
0.20915 161
0.20935 398
0.20945 38
0.2095 261
0.2098 440
0.2098 93
0.2099 48
0.21 168
0.2101 107
0.2103 476
0.21065 172
0.21165 207
0.2119 45
0.21215 143
0.2122 7
0.21255 125
0.2128 230
0.2132 130
0.21335 137
0.2135 6
0.2137 173
0.21385 351
0.21395 84
0.2142 342
0.21435 206
0.21445 23
0.21445 393
0.2153 174
0.21625 46
0.2176 333
0.2179 280
0.2181 375
0.21875 450
0.21935 191
0.2197 26
0.22065 58
0.2242 229
0.2294 463
0.23375 20
