0.20025 1316
0.20055 3278
0.20075 3253
0.20075 730
0.2008 1806
0.2008 3597
0.20085 4772
0.2009 1355
0.20095 4303
0.20095 4482
0.201 3318
0.201 3610
0.201 717
0.2011 2657
0.20115 2990
0.2012 3174
0.2012 4170
0.2012 4388
0.2012 443
0.2012 76
0.20125 3511
0.2013 1539
0.2013 2118
0.2013 2482
0.2013 4729
0.20135 1494
0.20135 2257
0.20135 2842
0.20135 539
0.20135 545
0.2014 1540
0.2014 2488
0.2014 2769
0.2014 2844
0.2014 4500
0.2014 4731
0.2014 616
0.2014 844
0.20145 4114
0.20145 521
0.2015 106
0.2015 2087
0.2015 2088
0.2015 2090
0.2015 4109
0.2015 4122
0.2015 4319
0.20155 1628
0.20155 2095
0.20155 2388
0.20155 4663
0.20155 4817
0.20155 4946
0.20155 655
0.2016 1376
0.2016 1621
0.2016 2210
0.2016 2379
0.2016 2676
0.2016 2722
0.2016 3098
0.2016 4610
0.2016 559
0.2016 999
0.20165 1322
0.20165 1336
0.20165 1672
0.20165 1726
0.20165 2288
0.20165 2303
0.20165 2393
0.20165 3484
0.20165 3485
0.20165 3717
0.20165 4138
0.20165 4182
0.20165 482
0.20165 4935
0.2017 110
0.2017 150
0.2017 2051
0.2017 2171
0.2017 2184
0.2017 2981
0.2017 701
0.20175 1182
0.20175 1385
0.20175 1728
0.20175 2092
0.20175 2147
0.20175 2315
0.20175 2666
0.20175 3148
0.20175 3320
0.20175 3398
0.20175 3544
0.20175 3606
0.2018 2085
0.2018 2098
0.2018 2667
0.2018 3626
0.2018 4395
0.2018 4577
0.2018 669
0.20185 1352
0.20185 1520
0.20185 1525
0.20185 1965
0.20185 2124
0.20185 2453
0.20185 2593
0.20185 344
0.20185 3443
0.20185 3548
0.20185 3978
0.20185 3986
0.20185 4162
0.20185 433
0.20185 4818
0.20185 836
0.2019 1203
0.2019 1671
0.2019 1864
0.2019 2152
0.2019 250
0.2019 2501
0.2019 287
0.2019 2944
0.2019 3085
0.2019 3295
0.2019 3703
0.2019 4037
0.2019 4844
0.2019 90
0.20195 1016
0.20195 2400
0.20195 2449
0.20195 2475
0.20195 3201
0.20195 3732
0.20195 3935
0.20195 410
0.20195 4124
0.20195 4154
0.20195 4308
0.20195 4428
0.20195 511
0.20195 57
0.20195 716
0.20195 728
0.20195 988
0.202 1705
0.202 1875
0.202 1930
0.202 2176
0.202 2484
0.202 2846
0.202 288
0.202 2896
0.202 3627
0.202 3754
0.202 3974
0.202 4329
0.202 4414
0.202 4709
0.202 485
0.202 4971
0.202 519
0.202 89
0.20205 1429
0.20205 1496
0.20205 2402
0.20205 2594
0.20205 2698
0.20205 3155
0.20205 3327
0.20205 3390
0.20205 3419
0.20205 3478
0.20205 3568
0.20205 3655
0.20205 3716
0.20205 4178
0.20205 4372
0.20205 4400
0.20205 4726
0.20205 4996
0.20205 745
0.20205 765
0.20205 924
0.2021 1498
0.2021 1617
0.2021 1742
0.2021 1790
0.2021 2104
0.2021 2611
0.2021 3014
0.2021 3096
0.2021 3262
0.2021 3591
0.2021 3752
0.2021 3779
0.2021 4228
0.2021 4338
0.2021 4366
0.2021 590
0.2021 755
0.2021 766
0.2021 879
0.20215 1181
0.20215 1212
0.20215 1303
0.20215 1493
0.20215 1644
0.20215 1661
0.20215 2406
0.20215 2686
0.20215 2801
0.20215 3115
0.20215 4362
0.20215 4376
0.20215 4644
0.20215 621
0.20215 85
0.20215 979
0.2022 1736
0.2022 186
0.2022 188
0.2022 2357
0.2022 238
0.2022 2521
0.2022 2874
0.2022 2965
0.2022 3458
0.2022 3637
0.2022 4120
0.2022 4249
0.2022 4560
0.2022 4762
0.20225 1269
0.20225 1589
0.20225 1680
0.20225 1831
0.20225 1874
0.20225 2444
0.20225 2826
0.20225 2873
0.20225 3263
0.20225 3381
0.20225 3486
0.20225 3532
0.20225 3647
0.20225 3796
0.20225 3938
0.20225 4004
0.20225 4006
0.20225 4246
0.20225 4402
0.20225 4624
0.20225 4669
0.20225 4769
0.20225 4912
0.20225 594
0.20225 721
0.20225 759
0.20225 762
0.2023 1050
0.2023 1108
0.2023 1167
0.2023 1192
0.2023 1488
0.2023 1990
0.2023 20
0.2023 2144
0.2023 2187
0.2023 2428
0.2023 2503
0.2023 2725
0.2023 2760
0.2023 3470
0.2023 3620
0.2023 3704
0.2023 3759
0.2023 41
0.2023 4250
0.2023 4496
0.2023 450
0.2023 4512
0.2023 4559
0.2023 4608
0.2023 4835
0.2023 5000
0.2023 582
0.2023 843
0.2023 856
0.2023 859
0.2023 874
0.20235 1126
0.20235 1797
0.20235 1937
0.20235 2319
0.20235 2322
0.20235 2975
0.20235 320
0.20235 378
0.20235 3918
0.20235 4194
0.20235 424
0.20235 4274
0.20235 4324
0.20235 4330
0.20235 4423
0.20235 4427
0.20235 4506
0.20235 46
0.20235 4625
0.20235 4863
0.20235 4992
0.2024 1035
0.2024 1040
0.2024 145
0.2024 1656
0.2024 1955
0.2024 2233
0.2024 2364
0.2024 2485
0.2024 2523
0.2024 2575
0.2024 2610
0.2024 2679
0.2024 2803
0.2024 2813
0.2024 2828
0.2024 3013
0.2024 3046
0.2024 3225
0.2024 3474
0.2024 3763
0.2024 4064
0.2024 4238
0.2024 4539
0.2024 4740
0.2024 4934
0.2024 524
0.2024 664
0.2024 732
0.20245 1071
0.20245 1246
0.20245 1358
0.20245 1512
0.20245 1546
0.20245 1573
0.20245 2142
0.20245 2281
0.20245 2436
0.20245 2512
0.20245 257
0.20245 2835
0.20245 2920
0.20245 3032
0.20245 3107
0.20245 314
0.20245 3237
0.20245 3408
0.20245 3998
0.20245 4051
0.20245 4201
0.20245 426
0.20245 4471
0.20245 4580
0.20245 4593
0.20245 4793
0.20245 4859
0.20245 4933
0.20245 4990
0.20245 578
0.20245 628
0.20245 888
0.2025 1056
0.2025 1218
0.2025 1293
0.2025 1407
0.2025 1497
0.2025 1638
0.2025 1766
0.2025 2101
0.2025 2117
0.2025 2215
0.2025 2614
0.2025 2646
0.2025 2711
0.2025 2980
0.2025 2987
0.2025 3060
0.2025 3218
0.2025 3592
0.2025 361
0.2025 3807
0.2025 3859
0.2025 3941
0.2025 395
0.2025 4111
0.2025 4253
0.2025 4392
0.2025 4517
0.2025 4540
0.2025 4679
0.2025 591
0.2025 619
0.2025 705
0.2025 73
0.2025 757
0.20255 138
0.20255 1901
0.20255 1925
0.20255 2235
0.20255 3141
0.20255 3179
0.20255 3223
0.20255 3264
0.20255 3344
0.20255 336
0.20255 3557
0.20255 3564
0.20255 3649
0.20255 3715
0.20255 4054
0.20255 4069
0.20255 4490
0.20255 4583
0.20255 4656
0.20255 4781
0.20255 4823
0.20255 725
0.20255 789
0.2026 107
0.2026 1566
0.2026 1574
0.2026 1786
0.2026 1820
0.2026 1860
0.2026 187
0.2026 1973
0.2026 2110
0.2026 2145
0.2026 2333
0.2026 2688
0.2026 277
0.2026 2833
0.2026 2882
0.2026 3123
0.2026 3164
0.2026 3165
0.2026 3205
0.2026 3209
0.2026 3302
0.2026 3483
0.2026 3502
0.2026 3577
0.2026 3595
0.2026 3680
0.2026 3926
0.2026 4027
0.2026 4140
0.2026 436
0.2026 4469
0.2026 708
0.2026 809
0.20265 103
0.20265 1042
0.20265 1179
0.20265 1769
0.20265 1787
0.20265 1836
0.20265 2080
0.20265 2086
0.20265 213
0.20265 2252
0.20265 233
0.20265 2476
0.20265 2642
0.20265 2998
0.20265 3097
0.20265 3325
0.20265 3515
0.20265 3777
0.20265 3823
0.20265 3849
0.20265 4070
0.20265 4210
0.20265 4289
0.20265 4549
0.20265 4659
0.20265 4906
0.20265 609
0.20265 688
0.20265 875
0.20265 880
0.2027 1112
0.2027 1132
0.2027 1291
0.2027 1396
0.2027 1452
0.2027 175
0.2027 1815
0.2027 1935
0.2027 2115
0.2027 2295
0.2027 2329
0.2027 2339
0.2027 2347
0.2027 2356
0.2027 2401
0.2027 2697
0.2027 27
0.2027 271
0.2027 2768
0.2027 3176
0.2027 3270
0.2027 3387
0.2027 3469
0.2027 3728
0.2027 3923
0.2027 3946
0.2027 4575
0.2027 4594
0.2027 4665
0.2027 4675
0.2027 4694
0.2027 4764
0.2027 4801
0.2027 4944
0.2027 689
0.2027 799
0.2027 841
0.2027 96
0.2027 967
0.2027 993
0.20275 1027
0.20275 1107
0.20275 1154
0.20275 1166
0.20275 1295
0.20275 1381
0.20275 1438
0.20275 1443
0.20275 1627
0.20275 172
0.20275 1970
0.20275 21
0.20275 2121
0.20275 2136
0.20275 222
0.20275 2403
0.20275 2477
0.20275 307
0.20275 3417
0.20275 3464
0.20275 3607
0.20275 3613
0.20275 3698
0.20275 3727
0.20275 4169
0.20275 4671
0.20275 4687
0.20275 4700
0.20275 472
0.20275 478
0.20275 4866
0.20275 4897
0.20275 658
0.20275 739
0.20275 780
0.20275 840
0.20275 922
0.20275 935
0.20275 998
0.2028 1024
0.2028 1549
0.2028 1581
0.2028 1612
0.2028 1739
0.2028 2005
0.2028 2055
0.2028 2066
0.2028 2201
0.2028 2228
0.2028 2273
0.2028 2465
0.2028 2591
0.2028 2675
0.2028 2992
0.2028 3208
0.2028 3335
0.2028 3875
0.2028 3954
0.2028 4067
0.2028 4287
0.2028 4314
0.2028 4373
0.2028 447
0.2028 4639
0.2028 4697
0.2028 4852
0.2028 4880
0.2028 570
0.2028 579
0.2028 599
0.2028 784
0.2028 800
0.20285 1009
0.20285 1046
0.20285 1113
0.20285 1214
0.20285 1298
0.20285 1341
0.20285 1459
0.20285 1689
0.20285 1716
0.20285 1758
0.20285 1980
0.20285 2174
0.20285 2179
0.20285 2218
0.20285 2262
0.20285 2353
0.20285 2462
0.20285 2664
0.20285 2812
0.20285 3037
0.20285 3202
0.20285 3292
0.20285 3457
0.20285 3650
0.20285 387
0.20285 3987
0.20285 4008
0.20285 4265
0.20285 4554
0.20285 4753
0.20285 489
0.20285 965
0.2029 1020
0.2029 1078
0.2029 1193
0.2029 1465
0.2029 1502
0.2029 1543
0.2029 1720
0.2029 1823
0.2029 1938
0.2029 2120
0.2029 2164
0.2029 2265
0.2029 2327
0.2029 2361
0.2029 2543
0.2029 2637
0.2029 3269
0.2029 3418
0.2029 3463
0.2029 3488
0.2029 3545
0.2029 3567
0.2029 4234
0.2029 4270
0.2029 4494
0.2029 605
0.2029 632
0.2029 633
0.2029 817
0.2029 827
0.2029 866
0.2029 920
0.20295 1254
0.20295 1264
0.20295 1467
0.20295 1526
0.20295 1541
0.20295 1611
0.20295 2063
0.20295 2452
0.20295 2471
0.20295 2551
0.20295 2628
0.20295 2649
0.20295 2702
0.20295 2717
0.20295 3112
0.20295 3158
0.20295 327
0.20295 3518
0.20295 3530
0.20295 3697
0.20295 373
0.20295 38
0.20295 381
0.20295 383
0.20295 3878
0.20295 3914
0.20295 4264
0.20295 4416
0.20295 4774
0.20295 552
0.20295 829
0.20295 845
0.20295 914
0.20295 981
0.203 1183
0.203 1205
0.203 1347
0.203 1530
0.203 1614
0.203 1807
0.203 1857
0.203 192
0.203 1946
0.203 207
0.203 2137
0.203 2154
0.203 2305
0.203 244
0.203 2536
0.203 2592
0.203 2607
0.203 2662
0.203 267
0.203 2705
0.203 2855
0.203 2930
0.203 2988
0.203 3005
0.203 3114
0.203 3322
0.203 3451
0.203 3533
0.203 3601
0.203 3699
0.203 3860
0.203 404
0.203 4187
0.203 4192
0.203 4198
0.203 4209
0.203 4215
0.203 43
0.203 4355
0.203 463
0.203 4643
0.203 4703
0.203 4724
0.203 4779
0.203 522
0.203 6
0.203 704
0.203 838
0.20305 1017
0.20305 1081
0.20305 1186
0.20305 1202
0.20305 1249
0.20305 1458
0.20305 1506
0.20305 1604
0.20305 1932
0.20305 2113
0.20305 2139
0.20305 2140
0.20305 2141
0.20305 227
0.20305 2410
0.20305 2426
0.20305 2446
0.20305 2541
0.20305 2648
0.20305 2689
0.20305 2741
0.20305 3245
0.20305 3272
0.20305 3379
0.20305 3410
0.20305 3965
0.20305 4009
0.20305 4063
0.20305 4269
0.20305 4383
0.20305 442
0.20305 4481
0.20305 4520
0.20305 4561
0.20305 4723
0.20305 4744
0.20305 4787
0.20305 4826
0.20305 4860
0.20305 4988
0.20305 637
0.20305 700
0.20305 886
0.2031 1114
0.2031 1275
0.2031 1406
0.2031 1410
0.2031 1430
0.2031 1461
0.2031 1468
0.2031 1484
0.2031 1602
0.2031 1640
0.2031 1682
0.2031 1798
0.2031 1824
0.2031 1951
0.2031 2038
0.2031 2250
0.2031 2289
0.2031 2375
0.2031 2380
0.2031 2414
0.2031 2489
0.2031 2600
0.2031 2630
0.2031 2655
0.2031 2739
0.2031 2756
0.2031 2795
0.2031 2818
0.2031 3015
0.2031 3108
0.2031 3111
0.2031 3133
0.2031 3153
0.2031 3242
0.2031 33
0.2031 335
0.2031 3407
0.2031 351
0.2031 3594
0.2031 3838
0.2031 3919
0.2031 3928
0.2031 4005
0.2031 4041
0.2031 4460
0.2031 4478
0.2031 4530
0.2031 4622
0.2031 4657
0.2031 4664
0.2031 4755
0.2031 4857
0.2031 4886
0.2031 532
0.2031 562
0.2031 660
0.2031 662
0.2031 710
0.2031 72
0.2031 851
0.20315 1252
0.20315 1307
0.20315 1434
0.20315 1439
0.20315 1440
0.20315 1505
0.20315 1532
0.20315 1564
0.20315 167
0.20315 1816
0.20315 2018
0.20315 2024
0.20315 2025
0.20315 2077
0.20315 2096
0.20315 2168
0.20315 2298
0.20315 2693
0.20315 2870
0.20315 2951
0.20315 297
0.20315 2997
0.20315 2999
0.20315 3226
0.20315 3460
0.20315 3761
0.20315 3830
0.20315 4134
0.20315 4186
0.20315 4203
0.20315 4283
0.20315 4368
0.20315 4370
0.20315 4463
0.20315 4574
0.20315 4579
0.20315 4658
0.20315 4667
0.20315 4711
0.20315 4768
0.20315 4949
0.20315 513
0.20315 77
0.2032 1092
0.2032 1170
0.2032 1201
0.2032 121
0.2032 1226
0.2032 1370
0.2032 1771
0.2032 1777
0.2032 1890
0.2032 1898
0.2032 2158
0.2032 2396
0.2032 25
0.2032 251
0.2032 2562
0.2032 2605
0.2032 2661
0.2032 2872
0.2032 3026
0.2032 303
0.2032 3170
0.2032 323
0.2032 3256
0.2032 3296
0.2032 333
0.2032 347
0.2032 3729
0.2032 3764
0.2032 391
0.2032 3940
0.2032 4254
0.2032 4384
0.2032 458
0.2032 469
0.2032 4751
0.2032 4920
0.2032 4923
0.2032 535
0.2032 718
0.2032 781
0.2032 865
0.20325 1060
0.20325 1120
0.20325 1323
0.20325 1392
0.20325 140
0.20325 1411
0.20325 1528
0.20325 1648
0.20325 1676
0.20325 1722
0.20325 1746
0.20325 1865
0.20325 1943
0.20325 2082
0.20325 2441
0.20325 2457
0.20325 2619
0.20325 2700
0.20325 2778
0.20325 278
0.20325 3143
0.20325 3230
0.20325 3400
0.20325 3420
0.20325 3433
0.20325 3434
0.20325 3513
0.20325 3589
0.20325 3602
0.20325 3652
0.20325 3683
0.20325 3815
0.20325 4060
0.20325 4115
0.20325 4199
0.20325 425
0.20325 4278
0.20325 4364
0.20325 4397
0.20325 4405
0.20325 4452
0.20325 4484
0.20325 4556
0.20325 4613
0.20325 484
0.20325 4890
0.20325 4904
0.20325 525
0.20325 556
0.20325 661
0.20325 75
0.20325 868
0.20325 961
0.20325 966
0.20325 991
0.2033 1
0.2033 1085
0.2033 1176
0.2033 1187
0.2033 1217
0.2033 1374
0.2033 139
0.2033 1404
0.2033 1762
0.2033 1841
0.2033 2328
0.2033 2581
0.2033 2631
0.2033 2850
0.2033 2878
0.2033 2900
0.2033 2963
0.2033 2991
0.2033 3100
0.2033 3386
0.2033 343
0.2033 3449
0.2033 3467
0.2033 3477
0.2033 362
0.2033 3677
0.2033 3853
0.2033 3917
0.2033 3967
0.2033 4015
0.2033 4016
0.2033 4022
0.2033 4107
0.2033 4116
0.2033 4222
0.2033 4326
0.2033 4693
0.2033 4907
0.2033 4929
0.2033 528
0.2033 551
0.2033 567
0.2033 593
0.2033 600
0.2033 607
0.2033 676
0.2033 753
0.2033 768
0.2033 793
0.20335 116
0.20335 1173
0.20335 129
0.20335 1308
0.20335 132
0.20335 1421
0.20335 1514
0.20335 1733
0.20335 177
0.20335 1859
0.20335 1920
0.20335 1942
0.20335 2030
0.20335 2056
0.20335 2125
0.20335 2332
0.20335 2337
0.20335 2509
0.20335 2574
0.20335 2690
0.20335 2699
0.20335 2771
0.20335 2807
0.20335 2861
0.20335 2904
0.20335 2995
0.20335 3012
0.20335 3016
0.20335 3058
0.20335 3109
0.20335 326
0.20335 3438
0.20335 3491
0.20335 3611
0.20335 3636
0.20335 3820
0.20335 384
0.20335 3847
0.20335 3885
0.20335 4191
0.20335 428
0.20335 4343
0.20335 4412
0.20335 4591
0.20335 4660
0.20335 4741
0.20335 555
0.20335 636
0.20335 711
0.20335 734
0.20335 750
0.20335 752
0.20335 822
0.20335 86
0.20335 983
0.20335 99
0.2034 1137
0.2034 1373
0.2034 1569
0.2034 160
0.2034 1642
0.2034 1691
0.2034 1904
0.2034 1998
0.2034 2346
0.2034 2561
0.2034 2598
0.2034 2715
0.2034 2724
0.2034 2754
0.2034 3053
0.2034 3067
0.2034 3216
0.2034 3271
0.2034 3332
0.2034 3708
0.2034 3742
0.2034 3776
0.2034 423
0.2034 4391
0.2034 4439
0.2034 4514
0.2034 4541
0.2034 4611
0.2034 4750
0.2034 517
0.2034 536
0.2034 54
0.2034 663
0.2034 671
0.2034 954
0.20345 1368
0.20345 14
0.20345 1451
0.20345 1603
0.20345 1613
0.20345 1632
0.20345 174
0.20345 1778
0.20345 1819
0.20345 1839
0.20345 1917
0.20345 1931
0.20345 2127
0.20345 2236
0.20345 2253
0.20345 2267
0.20345 2438
0.20345 2472
0.20345 2557
0.20345 2613
0.20345 2714
0.20345 2898
0.20345 2918
0.20345 2972
0.20345 3064
0.20345 3293
0.20345 3384
0.20345 3404
0.20345 3482
0.20345 3562
0.20345 3696
0.20345 3804
0.20345 3856
0.20345 3868
0.20345 3947
0.20345 3966
0.20345 4029
0.20345 4046
0.20345 4205
0.20345 4317
0.20345 4445
0.20345 4508
0.20345 4510
0.20345 4587
0.20345 470
0.20345 4805
0.20345 4836
0.20345 4864
0.20345 4874
0.20345 4879
0.20345 4938
0.20345 4964
0.20345 4987
0.20345 564
0.20345 692
0.20345 724
0.20345 764
0.20345 769
0.20345 978
0.2035 1070
0.2035 1116
0.2035 1127
0.2035 113
0.2035 1142
0.2035 1248
0.2035 1251
0.2035 1377
0.2035 16
0.2035 1665
0.2035 1679
0.2035 1821
0.2035 1986
0.2035 1999
0.2035 2043
0.2035 2061
0.2035 2229
0.2035 229
0.2035 235
0.2035 2377
0.2035 2404
0.2035 242
0.2035 2440
0.2035 265
0.2035 2772
0.2035 3192
0.2035 3305
0.2035 3373
0.2035 3549
0.2035 3560
0.2035 3644
0.2035 3654
0.2035 3706
0.2035 3848
0.2035 3904
0.2035 3905
0.2035 4110
0.2035 4171
0.2035 4179
0.2035 4224
0.2035 4267
0.2035 4311
0.2035 4385
0.2035 4466
0.2035 4479
0.2035 4537
0.2035 4870
0.2035 4887
0.2035 944
0.2035 987
0.20355 1032
0.20355 1064
0.20355 1162
0.20355 123
0.20355 1265
0.20355 1328
0.20355 1414
0.20355 1508
0.20355 1584
0.20355 1668
0.20355 1761
0.20355 1800
0.20355 1974
0.20355 2022
0.20355 2037
0.20355 2242
0.20355 2443
0.20355 262
0.20355 2862
0.20355 2894
0.20355 3069
0.20355 3102
0.20355 3159
0.20355 3161
0.20355 3215
0.20355 3415
0.20355 3503
0.20355 359
0.20355 3726
0.20355 3790
0.20355 3818
0.20355 3886
0.20355 3981
0.20355 4043
0.20355 4066
0.20355 417
0.20355 4212
0.20355 4291
0.20355 4301
0.20355 4426
0.20355 4715
0.20355 4732
0.20355 4802
0.20355 4812
0.20355 483
0.20355 4856
0.20355 4865
0.20355 4932
0.20355 4999
0.20355 719
0.20355 895
0.20355 933
0.20355 989
0.2036 1079
0.2036 1219
0.2036 1318
0.2036 1329
0.2036 1335
0.2036 1379
0.2036 1415
0.2036 1491
0.2036 1522
0.2036 1646
0.2036 1690
0.2036 1730
0.2036 1838
0.2036 1842
0.2036 1863
0.2036 1992
0.2036 2012
0.2036 2126
0.2036 2166
0.2036 2355
0.2036 2358
0.2036 2433
0.2036 2635
0.2036 2786
0.2036 2819
0.2036 2910
0.2036 304
0.2036 331
0.2036 3504
0.2036 3625
0.2036 3656
0.2036 4125
0.2036 4137
0.2036 4173
0.2036 4230
0.2036 4244
0.2036 4263
0.2036 4380
0.2036 4396
0.2036 4485
0.2036 4503
0.2036 465
0.2036 502
0.2036 586
0.2036 601
0.2036 611
0.2036 703
0.2036 773
0.2036 830
0.2036 887
0.2036 890
0.20365 1010
0.20365 1097
0.20365 1100
0.20365 1198
0.20365 1400
0.20365 1416
0.20365 1601
0.20365 1649
0.20365 1684
0.20365 1734
0.20365 1772
0.20365 1830
0.20365 2191
0.20365 2450
0.20365 2680
0.20365 2787
0.20365 2829
0.20365 2876
0.20365 2888
0.20365 2895
0.20365 2942
0.20365 2960
0.20365 2983
0.20365 3004
0.20365 3063
0.20365 3072
0.20365 316
0.20365 3168
0.20365 3254
0.20365 3311
0.20365 3403
0.20365 3435
0.20365 3531
0.20365 3537
0.20365 3558
0.20365 3563
0.20365 3784
0.20365 3882
0.20365 3958
0.20365 4058
0.20365 4094
0.20365 4123
0.20365 4155
0.20365 4165
0.20365 421
0.20365 4220
0.20365 4233
0.20365 4378
0.20365 4441
0.20365 4465
0.20365 4792
0.20365 55
0.20365 645
0.20365 740
0.20365 876
0.20365 884
0.20365 953
0.20365 962
0.2037 1106
0.2037 1164
0.2037 127
0.2037 1310
0.2037 136
0.2037 1365
0.2037 1501
0.2037 1503
0.2037 1509
0.2037 1553
0.2037 1587
0.2037 1608
0.2037 1609
0.2037 1650
0.2037 173
0.2037 179
0.2037 1801
0.2037 1817
0.2037 182
0.2037 184
0.2037 1881
0.2037 1903
0.2037 201
0.2037 2045
0.2037 2076
0.2037 2143
0.2037 2194
0.2037 221
0.2037 2334
0.2037 2413
0.2037 2451
0.2037 2579
0.2037 261
0.2037 2853
0.2037 3002
0.2037 3023
0.2037 3086
0.2037 3104
0.2037 3119
0.2037 3149
0.2037 3152
0.2037 3162
0.2037 3308
0.2037 3432
0.2037 3632
0.2037 3877
0.2037 3906
0.2037 393
0.2037 3956
0.2037 4035
0.2037 408
0.2037 4098
0.2037 416
0.2037 4272
0.2037 4285
0.2037 4363
0.2037 437
0.2037 4538
0.2037 4550
0.2037 4569
0.2037 4621
0.2037 4674
0.2037 4686
0.2037 4689
0.2037 4765
0.2037 4832
0.2037 4845
0.2037 4858
0.2037 49
0.2037 4919
0.2037 4959
0.2037 729
0.2037 742
0.2037 760
0.20375 1090
0.20375 1093
0.20375 1131
0.20375 120
0.20375 1279
0.20375 137
0.20375 1382
0.20375 1507
0.20375 1596
0.20375 1619
0.20375 1630
0.20375 1704
0.20375 1808
0.20375 1962
0.20375 2034
0.20375 2351
0.20375 2416
0.20375 2502
0.20375 2753
0.20375 2883
0.20375 2897
0.20375 2948
0.20375 3051
0.20375 3191
0.20375 3231
0.20375 3317
0.20375 3326
0.20375 3837
0.20375 385
0.20375 3963
0.20375 4024
0.20375 4306
0.20375 4316
0.20375 4325
0.20375 4332
0.20375 4516
0.20375 4708
0.20375 4739
0.20375 4797
0.20375 4882
0.20375 4885
0.20375 4898
0.20375 496
0.20375 696
0.20375 720
0.20375 805
0.2038 1061
0.2038 1151
0.2038 1191
0.2038 1270
0.2038 1431
0.2038 1482
0.2038 1550
0.2038 1592
0.2038 1599
0.2038 1803
0.2038 1837
0.2038 1979
0.2038 2193
0.2038 2245
0.2038 239
0.2038 2497
0.2038 2615
0.2038 2864
0.2038 2885
0.2038 2908
0.2038 305
0.2038 3121
0.2038 3219
0.2038 3252
0.2038 3583
0.2038 3774
0.2038 3969
0.2038 4065
0.2038 411
0.2038 4167
0.2038 4237
0.2038 4504
0.2038 4673
0.2038 4721
0.2038 475
0.2038 4756
0.2038 4924
0.2038 659
0.2038 816
0.2038 850
0.20385 1080
0.20385 1280
0.20385 1333
0.20385 1479
0.20385 1486
0.20385 1487
0.20385 1607
0.20385 1666
0.20385 1740
0.20385 18
0.20385 1813
0.20385 2014
0.20385 2068
0.20385 211
0.20385 2296
0.20385 246
0.20385 2585
0.20385 2971
0.20385 3057
0.20385 3062
0.20385 3509
0.20385 358
0.20385 3661
0.20385 3665
0.20385 4231
0.20385 4526
0.20385 4596
0.20385 4615
0.20385 4653
0.20385 4842
0.20385 4911
0.20385 4937
0.20385 4961
0.20385 527
0.20385 871
0.20385 958
0.2039 1138
0.2039 1149
0.2039 1277
0.2039 1476
0.2039 1620
0.2039 1635
0.2039 1748
0.2039 1845
0.2039 1886
0.2039 1963
0.2039 2028
0.2039 2041
0.2039 2046
0.2039 2131
0.2039 217
0.2039 2313
0.2039 2510
0.2039 2520
0.2039 259
0.2039 2604
0.2039 2692
0.2039 2694
0.2039 2783
0.2039 2919
0.2039 3001
0.2039 3090
0.2039 3126
0.2039 3195
0.2039 3228
0.2039 3238
0.2039 3251
0.2039 3382
0.2039 340
0.2039 3437
0.2039 3538
0.2039 3673
0.2039 3819
0.2039 3865
0.2039 3898
0.2039 399
0.2039 4040
0.2039 4232
0.2039 4453
0.2039 4472
0.2039 4536
0.2039 4588
0.2039 4704
0.2039 479
0.2039 490
0.2039 4942
0.2039 572
0.2039 610
0.2039 622
0.2039 749
0.2039 992
0.20395 1043
0.20395 1073
0.20395 1119
0.20395 1250
0.20395 1555
0.20395 1695
0.20395 2062
0.20395 2074
0.20395 2246
0.20395 2349
0.20395 2595
0.20395 26
0.20395 2669
0.20395 2757
0.20395 2758
0.20395 2797
0.20395 3039
0.20395 3120
0.20395 313
0.20395 3310
0.20395 3406
0.20395 3414
0.20395 3479
0.20395 3576
0.20395 3712
0.20395 3734
0.20395 3862
0.20395 3932
0.20395 3937
0.20395 400
0.20395 4255
0.20395 4268
0.20395 4375
0.20395 454
0.20395 4562
0.20395 4681
0.20395 4692
0.20395 4722
0.20395 4839
0.20395 4921
0.20395 4947
0.20395 4956
0.20395 505
0.20395 526
0.20395 629
0.20395 684
0.20395 723
0.20395 726
0.20395 736
0.20395 737
0.20395 771
0.20395 801
0.20395 902
0.20395 971
0.204 1045
0.204 1160
0.204 1283
0.204 1357
0.204 1469
0.204 1606
0.204 1624
0.204 1637
0.204 1909
0.204 2007
0.204 2052
0.204 2060
0.204 2067
0.204 2200
0.204 2202
0.204 2209
0.204 2219
0.204 2644
0.204 2745
0.204 2763
0.204 2947
0.204 2976
0.204 298
0.204 3048
0.204 3189
0.204 3234
0.204 3287
0.204 3397
0.204 3506
0.204 3660
0.204 3678
0.204 3687
0.204 3756
0.204 3760
0.204 3846
0.204 3880
0.204 3890
0.204 3908
0.204 3980
0.204 4119
0.204 4166
0.204 418
0.204 4432
0.204 4634
0.204 4650
0.204 480
0.204 4806
0.204 4847
0.204 4967
0.204 50
0.204 53
0.204 595
0.204 657
0.204 782
0.204 847
0.204 852
0.204 948
0.20405 1231
0.20405 1237
0.20405 1297
0.20405 1326
0.20405 1360
0.20405 1398
0.20405 1548
0.20405 1605
0.20405 1681
0.20405 1751
0.20405 1921
0.20405 1988
0.20405 2017
0.20405 2116
0.20405 2122
0.20405 2287
0.20405 2412
0.20405 2431
0.20405 2749
0.20405 2775
0.20405 284
0.20405 2928
0.20405 294
0.20405 3045
0.20405 3221
0.20405 3265
0.20405 3300
0.20405 3510
0.20405 3543
0.20405 3547
0.20405 3599
0.20405 3657
0.20405 3684
0.20405 3693
0.20405 3751
0.20405 3786
0.20405 3794
0.20405 3805
0.20405 3813
0.20405 3844
0.20405 386
0.20405 4011
0.20405 4184
0.20405 420
0.20405 4361
0.20405 4454
0.20405 4811
0.20405 4820
0.20405 486
0.20405 497
0.20405 52
0.20405 534
0.20405 550
0.20405 558
0.20405 695
0.20405 70
0.20405 756
0.20405 779
0.20405 804
0.20405 963
0.2041 1095
0.2041 1101
0.2041 1157
0.2041 1349
0.2041 1351
0.2041 1427
0.2041 1466
0.2041 152
0.2041 1586
0.2041 1721
0.2041 1818
0.2041 1862
0.2041 1922
0.2041 1924
0.2041 2071
0.2041 208
0.2041 2102
0.2041 2208
0.2041 2268
0.2041 2301
0.2041 2340
0.2041 2405
0.2041 2480
0.2041 2555
0.2041 2609
0.2041 2678
0.2041 2734
0.2041 2752
0.2041 2773
0.2041 2822
0.2041 29
0.2041 3022
0.2041 3385
0.2041 3578
0.2041 3631
0.2041 374
0.2041 3775
0.2041 4018
0.2041 4061
0.2041 4118
0.2041 4135
0.2041 4284
0.2041 4411
0.2041 4455
0.2041 4552
0.2041 4566
0.2041 4573
0.2041 4630
0.2041 466
0.2041 4829
0.2041 4846
0.2041 4861
0.2041 4965
0.2041 538
0.2041 623
0.2041 675
0.2041 80
0.2041 815
0.2041 848
0.2041 947
0.20415 1001
0.20415 1028
0.20415 1282
0.20415 1287
0.20415 1315
0.20415 1397
0.20415 1403
0.20415 1455
0.20415 1623
0.20415 1712
0.20415 1892
0.20415 1896
0.20415 1913
0.20415 1933
0.20415 1994
0.20415 2133
0.20415 2162
0.20415 2217
0.20415 2363
0.20415 2387
0.20415 2528
0.20415 2617
0.20415 2887
0.20415 3066
0.20415 3154
0.20415 3286
0.20415 3294
0.20415 341
0.20415 3527
0.20415 3618
0.20415 3667
0.20415 3788
0.20415 382
0.20415 389
0.20415 3901
0.20415 3964
0.20415 4075
0.20415 4130
0.20415 414
0.20415 4277
0.20415 4299
0.20415 4339
0.20415 4387
0.20415 4417
0.20415 4505
0.20415 4586
0.20415 4617
0.20415 4623
0.20415 4760
0.20415 4809
0.20415 492
0.20415 4928
0.20415 531
0.20415 919
0.2042 1023
0.2042 1096
0.2042 1145
0.2042 1163
0.2042 1168
0.2042 1302
0.2042 1384
0.2042 1462
0.2042 1474
0.2042 1559
0.2042 1572
0.2042 1822
0.2042 2100
0.2042 2264
0.2042 2283
0.2042 2326
0.2042 2546
0.2042 2558
0.2042 2626
0.2042 2712
0.2042 2782
0.2042 2827
0.2042 293
0.2042 2952
0.2042 2974
0.2042 3036
0.2042 3091
0.2042 3181
0.2042 3255
0.2042 3280
0.2042 3447
0.2042 3496
0.2042 3514
0.2042 3605
0.2042 3666
0.2042 37
0.2042 3809
0.2042 3817
0.2042 3861
0.2042 3872
0.2042 4108
0.2042 4217
0.2042 4304
0.2042 4350
0.2042 4359
0.2042 4422
0.2042 4477
0.2042 45
0.2042 4635
0.2042 4743
0.2042 4763
0.2042 533
0.2042 612
0.2042 617
0.2042 7
0.2042 83
0.2042 928
0.2042 930
0.20425 1019
0.20425 1022
0.20425 1109
0.20425 1118
0.20425 1288
0.20425 1299
0.20425 1305
0.20425 1470
0.20425 1510
0.20425 1552
0.20425 1558
0.20425 1715
0.20425 1852
0.20425 1872
0.20425 1879
0.20425 1971
0.20425 1991
0.20425 2053
0.20425 2138
0.20425 2157
0.20425 2239
0.20425 2241
0.20425 2308
0.20425 2376
0.20425 2439
0.20425 2448
0.20425 249
0.20425 2567
0.20425 2596
0.20425 2674
0.20425 273
0.20425 2770
0.20425 2823
0.20425 2838
0.20425 2932
0.20425 3092
0.20425 3099
0.20425 3142
0.20425 3283
0.20425 3329
0.20425 337
0.20425 3516
0.20425 36
0.20425 3785
0.20425 3845
0.20425 3897
0.20425 4044
0.20425 405
0.20425 4398
0.20425 4399
0.20425 4410
0.20425 4475
0.20425 4507
0.20425 455
0.20425 4777
0.20425 4798
0.20425 4954
0.20425 509
0.20425 514
0.20425 542
0.20425 574
0.20425 597
0.20425 686
0.20425 772
0.20425 892
0.20425 904
0.20425 93
0.20425 938
0.2043 1188
0.2043 1222
0.2043 1233
0.2043 1346
0.2043 157
0.2043 1686
0.2043 1737
0.2043 1767
0.2043 1776
0.2043 1969
0.2043 2006
0.2043 2029
0.2043 2047
0.2043 2159
0.2043 2493
0.2043 2530
0.2043 2563
0.2043 2703
0.2043 2962
0.2043 3047
0.2043 308
0.2043 3138
0.2043 3337
0.2043 3520
0.2043 3582
0.2043 3617
0.2043 3750
0.2043 3787
0.2043 3806
0.2043 3942
0.2043 3979
0.2043 4000
0.2043 4003
0.2043 4093
0.2043 4404
0.2043 4493
0.2043 4511
0.2043 4524
0.2043 4531
0.2043 4683
0.2043 4719
0.2043 4757
0.2043 568
0.2043 58
0.2043 653
0.2043 831
0.2043 87
0.2043 936
0.2043 945
0.2043 946
0.2043 952
0.20435 1031
0.20435 108
0.20435 1110
0.20435 1152
0.20435 1159
0.20435 1185
0.20435 1194
0.20435 1221
0.20435 1309
0.20435 1331
0.20435 1345
0.20435 1386
0.20435 1394
0.20435 141
0.20435 1511
0.20435 1562
0.20435 1570
0.20435 1669
0.20435 1673
0.20435 1804
0.20435 181
0.20435 195
0.20435 1959
0.20435 1960
0.20435 1961
0.20435 2054
0.20435 2266
0.20435 2391
0.20435 2418
0.20435 2524
0.20435 2671
0.20435 2682
0.20435 2735
0.20435 2736
0.20435 2781
0.20435 2865
0.20435 2884
0.20435 2889
0.20435 3010
0.20435 3033
0.20435 3128
0.20435 3580
0.20435 3651
0.20435 367
0.20435 3691
0.20435 3832
0.20435 3976
0.20435 4052
0.20435 4081
0.20435 4153
0.20435 4157
0.20435 430
0.20435 4342
0.20435 445
0.20435 4534
0.20435 47
0.20435 4782
0.20435 4803
0.20435 4819
0.20435 4903
0.20435 4916
0.20435 4940
0.20435 4981
0.20435 61
0.20435 767
0.20435 792
0.20435 813
0.20435 849
0.20435 870
0.20435 894
0.20435 990
0.2044 1083
0.2044 1136
0.2044 115
0.2044 1172
0.2044 1242
0.2044 1313
0.2044 1353
0.2044 1565
0.2044 1600
0.2044 1670
0.2044 1678
0.2044 1718
0.2044 1770
0.2044 1793
0.2044 1799
0.2044 19
0.2044 1953
0.2044 2109
0.2044 219
0.2044 24
0.2044 2538
0.2044 2612
0.2044 2647
0.2044 2687
0.2044 2759
0.2044 2943
0.2044 2959
0.2044 3024
0.2044 3027
0.2044 310
0.2044 3127
0.2044 3345
0.2044 3446
0.2044 346
0.2044 3461
0.2044 3495
0.2044 3528
0.2044 353
0.2044 3679
0.2044 3719
0.2044 3811
0.2044 3839
0.2044 3857
0.2044 3887
0.2044 3889
0.2044 3916
0.2044 3944
0.2044 4095
0.2044 4133
0.2044 4190
0.2044 4229
0.2044 429
0.2044 4297
0.2044 4357
0.2044 4379
0.2044 4620
0.2044 474
0.2044 4759
0.2044 4827
0.2044 4962
0.2044 588
0.2044 604
0.2044 654
0.2044 69
0.2044 707
0.2044 714
0.2044 869
0.2044 907
0.2044 94
0.20445 1002
0.20445 1094
0.20445 114
0.20445 1190
0.20445 1200
0.20445 1244
0.20445 1245
0.20445 1276
0.20445 1362
0.20445 1521
0.20445 1696
0.20445 1697
0.20445 170
0.20445 1713
0.20445 1810
0.20445 1910
0.20445 202
0.20445 2150
0.20445 2172
0.20445 2192
0.20445 224
0.20445 2278
0.20445 2306
0.20445 232
0.20445 2331
0.20445 2348
0.20445 2360
0.20445 2383
0.20445 2422
0.20445 2733
0.20445 2825
0.20445 2830
0.20445 299
0.20445 3031
0.20445 3080
0.20445 311
0.20445 3273
0.20445 3324
0.20445 3353
0.20445 3442
0.20445 352
0.20445 3565
0.20445 3612
0.20445 3783
0.20445 3810
0.20445 3831
0.20445 3953
0.20445 3988
0.20445 4020
0.20445 4090
0.20445 4180
0.20445 4202
0.20445 4252
0.20445 4340
0.20445 4349
0.20445 4528
0.20445 4557
0.20445 4680
0.20445 4684
0.20445 4953
0.20445 4960
0.20445 4997
0.20445 679
0.20445 824
0.20445 857
0.20445 97
0.20445 972
0.2045 1082
0.2045 1174
0.2045 1234
0.2045 1311
0.2045 1339
0.2045 1535
0.2045 162
0.2045 1659
0.2045 1829
0.2045 1834
0.2045 1958
0.2045 2001
0.2045 2065
0.2045 2205
0.2045 260
0.2045 2627
0.2045 272
0.2045 2751
0.2045 2798
0.2045 281
0.2045 2810
0.2045 2993
0.2045 3007
0.2045 3070
0.2045 3094
0.2045 3316
0.2045 3339
0.2045 3360
0.2045 3416
0.2045 3473
0.2045 356
0.2045 3587
0.2045 360
0.2045 3730
0.2045 3824
0.2045 3840
0.2045 3950
0.2045 4001
0.2045 4007
0.2045 4208
0.2045 4305
0.2045 4360
0.2045 4646
0.2045 4710
0.2045 4748
0.2045 4758
0.2045 477
0.2045 4788
0.2045 4878
0.2045 4994
0.2045 530
0.2045 743
0.2045 748
0.2045 88
0.2045 929
0.20455 1008
0.20455 1054
0.20455 1055
0.20455 1134
0.20455 1258
0.20455 1272
0.20455 1513
0.20455 1591
0.20455 161
0.20455 165
0.20455 166
0.20455 168
0.20455 1809
0.20455 205
0.20455 2111
0.20455 2203
0.20455 2362
0.20455 2386
0.20455 2429
0.20455 2608
0.20455 2622
0.20455 266
0.20455 2762
0.20455 2788
0.20455 2824
0.20455 2849
0.20455 3229
0.20455 3487
0.20455 354
0.20455 3640
0.20455 3694
0.20455 371
0.20455 3802
0.20455 3959
0.20455 3989
0.20455 3994
0.20455 4025
0.20455 406
0.20455 4218
0.20455 4430
0.20455 4601
0.20455 4699
0.20455 4717
0.20455 4785
0.20455 4807
0.20455 4899
0.20455 4941
0.20455 4982
0.20455 4998
0.20455 510
0.20455 803
0.20455 901
0.20455 903
0.20455 917
0.20455 943
0.2046 104
0.2046 1068
0.2046 1069
0.2046 1153
0.2046 1177
0.2046 1184
0.2046 1408
0.2046 1518
0.2046 1551
0.2046 1698
0.2046 1709
0.2046 1782
0.2046 1825
0.2046 1833
0.2046 1858
0.2046 1954
0.2046 1964
0.2046 2009
0.2046 2049
0.2046 2129
0.2046 2188
0.2046 2230
0.2046 2350
0.2046 2408
0.2046 2420
0.2046 2447
0.2046 2455
0.2046 2505
0.2046 2515
0.2046 2526
0.2046 2618
0.2046 2691
0.2046 274
0.2046 2765
0.2046 2840
0.2046 2915
0.2046 3079
0.2046 3241
0.2046 3396
0.2046 3426
0.2046 3490
0.2046 3575
0.2046 3633
0.2046 3842
0.2046 3913
0.2046 3945
0.2046 3949
0.2046 3955
0.2046 3995
0.2046 4086
0.2046 4243
0.2046 4248
0.2046 4288
0.2046 4290
0.2046 4346
0.2046 4356
0.2046 4371
0.2046 453
0.2046 4705
0.2046 4725
0.2046 4871
0.2046 4902
0.2046 4951
0.2046 4970
0.2046 66
0.2046 685
0.2046 74
0.2046 741
0.2046 777
0.2046 794
0.2046 837
0.2046 906
0.2046 996
0.20465 1039
0.20465 1072
0.20465 1158
0.20465 1196
0.20465 1225
0.20465 1247
0.20465 1273
0.20465 1285
0.20465 1317
0.20465 133
0.20465 1405
0.20465 180
0.20465 2000
0.20465 2169
0.20465 2186
0.20465 2196
0.20465 2343
0.20465 2495
0.20465 2621
0.20465 269
0.20465 2701
0.20465 2789
0.20465 2831
0.20465 2958
0.20465 3061
0.20465 3180
0.20465 3246
0.20465 3321
0.20465 3369
0.20465 3394
0.20465 3507
0.20465 3671
0.20465 3707
0.20465 3808
0.20465 3893
0.20465 3990
0.20465 42
0.20465 4216
0.20465 4258
0.20465 4276
0.20465 4341
0.20465 4442
0.20465 4647
0.20465 4662
0.20465 4678
0.20465 4713
0.20465 4716
0.20465 481
0.20465 4851
0.20465 4977
0.20465 580
0.20465 60
0.20465 667
0.20465 797
0.20465 909
0.20465 91
0.20465 940
0.2047 1091
0.2047 1286
0.2047 13
0.2047 1343
0.2047 1420
0.2047 1437
0.2047 148
0.2047 1531
0.2047 1545
0.2047 1622
0.2047 1683
0.2047 1714
0.2047 1855
0.2047 191
0.2047 1982
0.2047 2021
0.2047 2130
0.2047 2167
0.2047 2304
0.2047 2385
0.2047 2398
0.2047 2417
0.2047 2473
0.2047 2535
0.2047 2665
0.2047 2718
0.2047 2743
0.2047 2906
0.2047 2984
0.2047 3198
0.2047 3200
0.2047 3357
0.2047 3364
0.2047 3365
0.2047 3371
0.2047 3452
0.2047 3550
0.2047 3586
0.2047 3641
0.2047 3765
0.2047 3852
0.2047 3910
0.2047 3934
0.2047 3996
0.2047 4143
0.2047 4159
0.2047 4195
0.2047 4247
0.2047 4281
0.2047 4449
0.2047 4468
0.2047 4527
0.2047 4767
0.2047 4778
0.2047 4876
0.2047 4991
0.2047 627
0.2047 722
0.2047 969
0.20475 1029
0.20475 1209
0.20475 1239
0.20475 1344
0.20475 135
0.20475 1448
0.20475 1750
0.20475 183
0.20475 1914
0.20475 1957
0.20475 2003
0.20475 2057
0.20475 2108
0.20475 2183
0.20475 2199
0.20475 2254
0.20475 2260
0.20475 2294
0.20475 2297
0.20475 2300
0.20475 236
0.20475 2394
0.20475 2424
0.20475 2442
0.20475 2519
0.20475 2573
0.20475 276
0.20475 2780
0.20475 2799
0.20475 2802
0.20475 2914
0.20475 2979
0.20475 3017
0.20475 3030
0.20475 3101
0.20475 3135
0.20475 315
0.20475 3160
0.20475 3199
0.20475 3274
0.20475 3289
0.20475 3359
0.20475 3436
0.20475 3492
0.20475 3493
0.20475 3604
0.20475 3634
0.20475 370
0.20475 3881
0.20475 3997
0.20475 4047
0.20475 4132
0.20475 4296
0.20475 4309
0.20475 431
0.20475 4352
0.20475 4358
0.20475 4401
0.20475 4421
0.20475 4523
0.20475 4553
0.20475 4649
0.20475 4746
0.20475 4814
0.20475 4868
0.20475 4892
0.20475 512
0.20475 581
0.20475 67
0.20475 738
0.20475 747
0.20475 796
0.20475 826
0.20475 913
0.2048 1041
0.2048 1111
0.2048 1148
0.2048 1175
0.2048 1189
0.2048 1354
0.2048 1418
0.2048 1422
0.2048 1472
0.2048 1517
0.2048 155
0.2048 159
0.2048 1641
0.2048 1840
0.2048 1928
0.2048 2156
0.2048 2251
0.2048 234
0.2048 2571
0.2048 2656
0.2048 2764
0.2048 2790
0.2048 280
0.2048 2841
0.2048 2939
0.2048 3184
0.2048 3220
0.2048 3243
0.2048 3258
0.2048 3334
0.2048 338
0.2048 3401
0.2048 3427
0.2048 3444
0.2048 3499
0.2048 3524
0.2048 3554
0.2048 3668
0.2048 3669
0.2048 3681
0.2048 3701
0.2048 3747
0.2048 3854
0.2048 3927
0.2048 3948
0.2048 4013
0.2048 4023
0.2048 4105
0.2048 4164
0.2048 4532
0.2048 461
0.2048 4642
0.2048 4691
0.2048 4695
0.2048 4742
0.2048 4745
0.2048 495
0.2048 812
0.2048 819
0.2048 846
0.2048 986
0.20485 1033
0.20485 1356
0.20485 1364
0.20485 1417
0.20485 1947
0.20485 1966
0.20485 1995
0.20485 2075
0.20485 2105
0.20485 2330
0.20485 2392
0.20485 241
0.20485 2437
0.20485 2559
0.20485 2663
0.20485 2737
0.20485 2755
0.20485 2784
0.20485 2809
0.20485 2926
0.20485 2929
0.20485 2957
0.20485 3000
0.20485 3083
0.20485 3105
0.20485 3213
0.20485 3257
0.20485 3297
0.20485 3306
0.20485 3309
0.20485 339
0.20485 3900
0.20485 4045
0.20485 4059
0.20485 4073
0.20485 4103
0.20485 415
0.20485 4261
0.20485 4293
0.20485 4706
0.20485 4734
0.20485 4855
0.20485 501
0.20485 641
0.20485 698
0.20485 712
0.20485 727
0.20485 778
0.20485 821
0.20485 862
0.20485 897
0.20485 925
0.20485 927
0.2049 1150
0.2049 1243
0.2049 1253
0.2049 1278
0.2049 1340
0.2049 1369
0.2049 1460
0.2049 1757
0.2049 1774
0.2049 1885
0.2049 1941
0.2049 1981
0.2049 22
0.2049 226
0.2049 2270
0.2049 2279
0.2049 2316
0.2049 2407
0.2049 2565
0.2049 2584
0.2049 2636
0.2049 2641
0.2049 3021
0.2049 3163
0.2049 3313
0.2049 3341
0.2049 3363
0.2049 3450
0.2049 3466
0.2049 3629
0.2049 3648
0.2049 3670
0.2049 3931
0.2049 3952
0.2049 4079
0.2049 4085
0.2049 4087
0.2049 4144
0.2049 4177
0.2049 4501
0.2049 4515
0.2049 4548
0.2049 473
0.2049 4894
0.2049 4909
0.2049 665
0.2049 693
0.2049 697
0.2049 791
0.2049 855
0.2049 882
0.2049 893
0.20495 1324
0.20495 1378
0.20495 1473
0.20495 1657
0.20495 1756
0.20495 2128
0.20495 2255
0.20495 2276
0.20495 2390
0.20495 2572
0.20495 2589
0.20495 2685
0.20495 2792
0.20495 2856
0.20495 2879
0.20495 2949
0.20495 2985
0.20495 306
0.20495 3178
0.20495 3212
0.20495 3307
0.20495 3372
0.20495 3542
0.20495 3546
0.20495 3643
0.20495 3866
0.20495 3930
0.20495 4151
0.20495 4207
0.20495 4262
0.20495 4279
0.20495 4282
0.20495 4286
0.20495 4365
0.20495 4502
0.20495 459
0.20495 4632
0.20495 4652
0.20495 4749
0.20495 4889
0.20495 4950
0.20495 680
0.20495 910
0.20495 960
0.205 1088
0.205 1089
0.205 1144
0.205 122
0.205 1391
0.205 1432
0.205 1444
0.205 169
0.205 1779
0.205 1846
0.205 1887
0.205 1919
0.205 1934
0.205 1976
0.205 2064
0.205 2132
0.205 2189
0.205 2366
0.205 2368
0.205 2463
0.205 2479
0.205 2496
0.205 2539
0.205 2560
0.205 2625
0.205 2668
0.205 2732
0.205 3
0.205 3140
0.205 3186
0.205 3304
0.205 3338
0.205 348
0.205 3579
0.205 3608
0.205 3614
0.205 3621
0.205 3749
0.205 3892
0.205 396
0.205 4036
0.205 4101
0.205 4112
0.205 4117
0.205 4280
0.205 4461
0.205 4629
0.205 4651
0.205 4735
0.205 4808
0.205 4917
0.205 508
0.205 563
0.205 613
0.205 690
0.205 744
0.205 787
0.205 854
0.205 864
0.205 899
0.205 974
0.20505 1044
0.20505 1084
0.20505 1123
0.20505 1128
0.20505 1453
0.20505 1524
0.20505 1752
0.20505 1911
0.20505 1945
0.20505 2226
0.20505 2247
0.20505 2352
0.20505 2421
0.20505 268
0.20505 2794
0.20505 2893
0.20505 2909
0.20505 3006
0.20505 3073
0.20505 3093
0.20505 3183
0.20505 329
0.20505 3445
0.20505 3534
0.20505 3585
0.20505 3664
0.20505 369
0.20505 3736
0.20505 3924
0.20505 3943
0.20505 4033
0.20505 4076
0.20505 422
0.20505 4315
0.20505 4470
0.20505 4564
0.20505 4609
0.20505 4637
0.20505 4837
0.20505 4849
0.20505 488
0.20505 507
0.20505 614
0.20505 650
0.20505 666
0.20505 942
0.2051 1063
0.2051 1480
0.2051 1590
0.2051 1595
0.2051 1647
0.2051 1663
0.2051 1848
0.2051 1873
0.2051 1876
0.2051 199
0.2051 2091
0.2051 225
0.2051 2487
0.2051 2582
0.2051 2776
0.2051 2851
0.2051 292
0.2051 2973
0.2051 300
0.2051 3050
0.2051 3197
0.2051 325
0.2051 3376
0.2051 3440
0.2051 3553
0.2051 3731
0.2051 3740
0.2051 3755
0.2051 3992
0.2051 4053
0.2051 4083
0.2051 487
0.2051 59
0.2051 596
0.2051 715
0.2051 84
0.2051 959
0.20515 1015
0.20515 1077
0.20515 1125
0.20515 1178
0.20515 1213
0.20515 1371
0.20515 1449
0.20515 1580
0.20515 1708
0.20515 1763
0.20515 1812
0.20515 1936
0.20515 2069
0.20515 2079
0.20515 2099
0.20515 2198
0.20515 2285
0.20515 2290
0.20515 2320
0.20515 2336
0.20515 2369
0.20515 2370
0.20515 2382
0.20515 2384
0.20515 2481
0.20515 2580
0.20515 2586
0.20515 282
0.20515 2836
0.20515 289
0.20515 2986
0.20515 3040
0.20515 3059
0.20515 3103
0.20515 3247
0.20515 3328
0.20515 3535
0.20515 3733
0.20515 3909
0.20515 3977
0.20515 4092
0.20515 4145
0.20515 4219
0.20515 4310
0.20515 4390
0.20515 4433
0.20515 4436
0.20515 4582
0.20515 4698
0.20515 4821
0.20515 4869
0.20515 4910
0.20515 493
0.20515 651
0.20515 818
0.20515 956
0.2052 1006
0.2052 1018
0.2052 1059
0.2052 1067
0.2052 1099
0.2052 1155
0.2052 124
0.2052 1359
0.2052 1492
0.2052 1567
0.2052 1795
0.2052 1878
0.2052 1900
0.2052 204
0.2052 2134
0.2052 2165
0.2052 2240
0.2052 2277
0.2052 2354
0.2052 2458
0.2052 2504
0.2052 252
0.2052 2578
0.2052 2660
0.2052 2748
0.2052 3424
0.2052 3456
0.2052 3476
0.2052 3741
0.2052 3748
0.2052 4174
0.2052 4188
0.2052 4213
0.2052 4273
0.2052 4374
0.2052 4403
0.2052 4408
0.2052 457
0.2052 4578
0.2052 462
0.2052 4682
0.2052 4727
0.2052 4728
0.2052 4780
0.2052 4833
0.2052 4963
0.2052 573
0.2052 635
0.2052 872
0.2052 955
0.20525 1215
0.20525 1241
0.20525 1294
0.20525 1300
0.20525 1334
0.20525 143
0.20525 1441
0.20525 1457
0.20525 1481
0.20525 1538
0.20525 1563
0.20525 1577
0.20525 1880
0.20525 1889
0.20525 1906
0.20525 1907
0.20525 1915
0.20525 2216
0.20525 2274
0.20525 2292
0.20525 2395
0.20525 2469
0.20525 253
0.20525 2533
0.20525 2652
0.20525 2892
0.20525 302
0.20525 3044
0.20525 3089
0.20525 3173
0.20525 3240
0.20525 3421
0.20525 3709
0.20525 3870
0.20525 4042
0.20525 4128
0.20525 4183
0.20525 4226
0.20525 448
0.20525 4563
0.20525 4761
0.20525 4784
0.20525 4834
0.20525 4872
0.20525 4900
0.20525 4969
0.20525 4972
0.20525 566
0.20525 994
0.2053 1051
0.2053 1238
0.2053 1388
0.2053 1450
0.2053 1536
0.2053 1634
0.2053 1773
0.2053 1796
0.2053 1828
0.2053 1832
0.2053 1939
0.2053 1968
0.2053 200
0.2053 2027
0.2053 2221
0.2053 2411
0.2053 2430
0.2053 2550
0.2053 2710
0.2053 2742
0.2053 2854
0.2053 2996
0.2053 3025
0.2053 3393
0.2053 342
0.2053 3455
0.2053 3489
0.2053 3494
0.2053 3663
0.2053 3758
0.2053 3769
0.2053 3951
0.2053 4057
0.2053 4089
0.2053 4106
0.2053 4181
0.2053 4327
0.2053 4336
0.2053 4407
0.2053 4413
0.2053 4425
0.2053 4451
0.2053 4458
0.2053 4747
0.2053 4867
0.2053 540
0.2053 560
0.2053 608
0.2053 618
0.2053 921
0.2053 977
0.20535 100
0.20535 1290
0.20535 131
0.20535 1593
0.20535 163
0.20535 1754
0.20535 178
0.20535 1844
0.20535 1902
0.20535 1908
0.20535 216
0.20535 218
0.20535 2190
0.20535 228
0.20535 2324
0.20535 2335
0.20535 2367
0.20535 2499
0.20535 2534
0.20535 2601
0.20535 2684
0.20535 2707
0.20535 3281
0.20535 3430
0.20535 3471
0.20535 3674
0.20535 4127
0.20535 4175
0.20535 4382
0.20535 4491
0.20535 4529
0.20535 4985
0.20535 4993
0.20535 576
0.20535 691
0.20535 832
0.20535 839
0.20535 911
0.2054 105
0.2054 12
0.2054 1240
0.2054 1256
0.2054 1367
0.2054 1425
0.2054 1436
0.2054 1499
0.2054 1610
0.2054 1662
0.2054 1753
0.2054 2031
0.2054 2044
0.2054 2083
0.2054 2093
0.2054 2175
0.2054 2302
0.2054 2309
0.2054 2522
0.2054 2921
0.2054 2977
0.2054 3134
0.2054 3222
0.2054 3261
0.2054 3291
0.2054 3343
0.2054 3347
0.2054 3354
0.2054 3431
0.2054 3569
0.2054 3598
0.2054 3682
0.2054 3816
0.2054 3833
0.2054 394
0.2054 3982
0.2054 4163
0.2054 4607
0.2054 4645
0.2054 4702
0.2054 4754
0.2054 4800
0.2054 4813
0.2054 4862
0.2054 4891
0.2054 4958
0.2054 592
0.2054 598
0.2054 62
0.2054 630
0.2054 649
0.2054 65
0.2054 731
0.2054 733
0.2054 776
0.2054 877
0.2054 964
0.20545 1004
0.20545 1012
0.20545 1171
0.20545 1389
0.20545 1433
0.20545 1527
0.20545 1557
0.20545 1687
0.20545 171
0.20545 1725
0.20545 1948
0.20545 2185
0.20545 2195
0.20545 2359
0.20545 2373
0.20545 2470
0.20545 2500
0.20545 2683
0.20545 3056
0.20545 3145
0.20545 3267
0.20545 3413
0.20545 3481
0.20545 3539
0.20545 3590
0.20545 3624
0.20545 368
0.20545 3791
0.20545 3803
0.20545 3835
0.20545 3884
0.20545 397
0.20545 4002
0.20545 4039
0.20545 4055
0.20545 4351
0.20545 4418
0.20545 4462
0.20545 4467
0.20545 4551
0.20545 4641
0.20545 471
0.20545 4830
0.20545 4843
0.20545 520
0.20545 634
0.20545 713
0.20545 798
0.20545 860
0.20545 881
0.2055 1075
0.2055 1387
0.2055 1409
0.2055 15
0.2055 1645
0.2055 1727
0.2055 1738
0.2055 1849
0.2055 1891
0.2055 215
0.2055 2180
0.2055 2793
0.2055 2858
0.2055 2886
0.2055 2890
0.2055 2978
0.2055 3116
0.2055 3172
0.2055 3190
0.2055 322
0.2055 3250
0.2055 3352
0.2055 3368
0.2055 3453
0.2055 3753
0.2055 3780
0.2055 3812
0.2055 40
0.2055 4038
0.2055 4050
0.2055 4150
0.2055 4313
0.2055 4318
0.2055 4322
0.2055 4443
0.2055 4600
0.2055 541
0.2055 575
0.2055 656
0.2055 811
0.2055 891
0.20555 1227
0.20555 125
0.20555 1655
0.20555 1664
0.20555 1731
0.20555 1856
0.20555 1912
0.20555 1949
0.20555 2231
0.20555 2248
0.20555 2249
0.20555 2460
0.20555 2508
0.20555 2532
0.20555 2542
0.20555 2564
0.20555 258
0.20555 2868
0.20555 2994
0.20555 301
0.20555 3043
0.20555 3055
0.20555 3227
0.20555 3370
0.20555 3517
0.20555 366
0.20555 3672
0.20555 3801
0.20555 3814
0.20555 3822
0.20555 3863
0.20555 3871
0.20555 4189
0.20555 444
0.20555 4498
0.20555 4568
0.20555 4598
0.20555 4619
0.20555 4670
0.20555 4718
0.20555 4883
0.20555 4926
0.20555 4976
0.20555 529
0.20555 638
0.20555 644
0.2056 1003
0.2056 1025
0.2056 1350
0.2056 1435
0.2056 146
0.2056 1677
0.2056 1700
0.2056 1719
0.2056 1743
0.2056 1749
0.2056 176
0.2056 1956
0.2056 2020
0.2056 2033
0.2056 2089
0.2056 2097
0.2056 2170
0.2056 2197
0.2056 2419
0.2056 2935
0.2056 3177
0.2056 3358
0.2056 372
0.2056 3836
0.2056 3876
0.2056 3899
0.2056 398
0.2056 4030
0.2056 4062
0.2056 4072
0.2056 4102
0.2056 4142
0.2056 4160
0.2056 4168
0.2056 4200
0.2056 4204
0.2056 4292
0.2056 4345
0.2056 4438
0.2056 4464
0.2056 4546
0.2056 4773
0.2056 4893
0.2056 498
0.2056 518
0.2056 63
0.2056 64
0.2056 790
0.2056 861
0.2056 915
0.20565 1169
0.20565 1281
0.20565 1383
0.20565 1424
0.20565 1626
0.20565 1639
0.20565 1871
0.20565 1923
0.20565 1989
0.20565 2004
0.20565 2243
0.20565 2317
0.20565 2531
0.20565 2566
0.20565 2583
0.20565 2599
0.20565 2643
0.20565 2848
0.20565 2945
0.20565 295
0.20565 3041
0.20565 3084
0.20565 3331
0.20565 3429
0.20565 3609
0.20565 3628
0.20565 3894
0.20565 4152
0.20565 4241
0.20565 4257
0.20565 4307
0.20565 4581
0.20565 4810
0.20565 4840
0.20565 4854
0.20565 553
0.20565 810
0.2057 1289
0.2057 1402
0.2057 144
0.2057 1447
0.2057 1675
0.2057 1764
0.2057 1827
0.2057 1984
0.2057 2008
0.2057 203
0.2057 2112
0.2057 2282
0.2057 256
0.2057 2602
0.2057 2624
0.2057 2651
0.2057 2654
0.2057 2860
0.2057 2869
0.2057 290
0.2057 2905
0.2057 324
0.2057 334
0.2057 3395
0.2057 3662
0.2057 3718
0.2057 3851
0.2057 3902
0.2057 4071
0.2057 409
0.2057 4176
0.2057 419
0.2057 4328
0.2057 4450
0.2057 4457
0.2057 4476
0.2057 4776
0.2057 4848
0.2057 647
0.2057 795
0.2057 912
0.2057 931
0.20575 1013
0.20575 1049
0.20575 1052
0.20575 1161
0.20575 1236
0.20575 1262
0.20575 130
0.20575 134
0.20575 1413
0.20575 158
0.20575 1625
0.20575 190
0.20575 1972
0.20575 2149
0.20575 2272
0.20575 2486
0.20575 2490
0.20575 2511
0.20575 2590
0.20575 2640
0.20575 2695
0.20575 2746
0.20575 2766
0.20575 2832
0.20575 2961
0.20575 3011
0.20575 3035
0.20575 3095
0.20575 3204
0.20575 3439
0.20575 3571
0.20575 3572
0.20575 3738
0.20575 3739
0.20575 3891
0.20575 3922
0.20575 3993
0.20575 4099
0.20575 4121
0.20575 4196
0.20575 4298
0.20575 4344
0.20575 4369
0.20575 4377
0.20575 4409
0.20575 441
0.20575 4415
0.20575 446
0.20575 4626
0.20575 4668
0.20575 587
0.20575 643
0.20575 652
0.20575 78
0.20575 807
0.20575 9
0.20575 984
0.2058 101
0.2058 1086
0.2058 1124
0.2058 126
0.2058 1314
0.2058 1426
0.2058 193
0.2058 1975
0.2058 2256
0.2058 2258
0.2058 2307
0.2058 2311
0.2058 2325
0.2058 2527
0.2058 2650
0.2058 2716
0.2058 2767
0.2058 285
0.2058 2852
0.2058 3171
0.2058 3187
0.2058 3232
0.2058 3236
0.2058 3541
0.2058 3639
0.2058 3821
0.2058 3843
0.2058 4077
0.2058 4474
0.2058 4519
0.2058 4572
0.2058 4631
0.2058 4707
0.2058 4838
0.2058 4850
0.2058 4914
0.2058 615
0.2058 751
0.20585 1036
0.20585 1146
0.20585 1260
0.20585 1495
0.20585 1653
0.20585 1940
0.20585 1978
0.20585 214
0.20585 2173
0.20585 2286
0.20585 2516
0.20585 255
0.20585 2672
0.20585 2723
0.20585 2744
0.20585 2877
0.20585 3156
0.20585 3333
0.20585 3615
0.20585 4149
0.20585 4320
0.20585 4331
0.20585 4381
0.20585 451
0.20585 4542
0.20585 4576
0.20585 4666
0.20585 4676
0.20585 4737
0.20585 4775
0.20585 4884
0.20585 4979
0.20585 515
0.20585 648
0.20585 775
0.20585 900
0.2059 1058
0.2059 1065
0.2059 1066
0.2059 1129
0.2059 1618
0.2059 1643
0.2059 1658
0.2059 1729
0.2059 1760
0.2059 1781
0.2059 1788
0.2059 2094
0.2059 212
0.2059 2211
0.2059 2261
0.2059 2389
0.2059 2548
0.2059 2747
0.2059 2821
0.2059 2863
0.2059 2922
0.2059 3132
0.2059 3425
0.2059 3454
0.2059 3472
0.2059 3596
0.2059 3603
0.2059 3762
0.2059 3828
0.2059 3879
0.2059 3921
0.2059 3939
0.2059 4129
0.2059 4235
0.2059 4236
0.2059 4347
0.2059 4636
0.2059 4690
0.2059 494
0.2059 639
0.20595 112
0.20595 1255
0.20595 1423
0.20595 151
0.20595 1568
0.20595 1654
0.20595 1775
0.20595 1850
0.20595 1950
0.20595 2
0.20595 2271
0.20595 2275
0.20595 2498
0.20595 2623
0.20595 2730
0.20595 2815
0.20595 2902
0.20595 2967
0.20595 3038
0.20595 3130
0.20595 3157
0.20595 3193
0.20595 3206
0.20595 3224
0.20595 3301
0.20595 3314
0.20595 3330
0.20595 3422
0.20595 3600
0.20595 365
0.20595 3797
0.20595 4017
0.20595 4354
0.20595 4535
0.20595 4618
0.20595 4881
0.20595 56
0.20595 687
0.20595 761
0.20595 788
0.20595 923
0.20595 985
0.206 1519
0.206 1534
0.206 1556
0.206 1717
0.206 1805
0.206 2073
0.206 2161
0.206 2314
0.206 2409
0.206 2491
0.206 2554
0.206 2727
0.206 2806
0.206 2845
0.206 2871
0.206 2941
0.206 2955
0.206 3028
0.206 3275
0.206 3290
0.206 3448
0.206 3685
0.206 3714
0.206 3724
0.206 3771
0.206 3911
0.206 4097
0.206 4260
0.206 427
0.206 4730
0.206 4789
0.206 4888
0.206 571
0.206 683
0.20605 1048
0.20605 1130
0.20605 117
0.20605 1228
0.20605 1393
0.20605 1537
0.20605 1582
0.20605 1651
0.20605 1732
0.20605 1882
0.20605 1983
0.20605 2153
0.20605 2220
0.20605 2425
0.20605 2435
0.20605 2540
0.20605 2659
0.20605 2731
0.20605 2891
0.20605 3065
0.20605 317
0.20605 3235
0.20605 3276
0.20605 3378
0.20605 3389
0.20605 3523
0.20605 3676
0.20605 3737
0.20605 376
0.20605 3768
0.20605 407
0.20605 4406
0.20605 4448
0.20605 4489
0.20605 4638
0.20605 4701
0.20605 4825
0.20605 565
0.20605 670
0.20605 682
0.2061 1038
0.2061 1098
0.2061 1122
0.2061 1141
0.2061 1576
0.2061 1685
0.2061 1699
0.2061 1747
0.2061 1789
0.2061 197
0.2061 2114
0.2061 2177
0.2061 2259
0.2061 2397
0.2061 2549
0.2061 2653
0.2061 2800
0.2061 2837
0.2061 321
0.2061 3249
0.2061 328
0.2061 3480
0.2061 3695
0.2061 3720
0.2061 3770
0.2061 3895
0.2061 39
0.2061 3975
0.2061 4074
0.2061 4078
0.2061 4146
0.2061 4312
0.2061 504
0.2061 82
0.20615 1104
0.20615 1327
0.20615 1688
0.20615 1693
0.20615 1755
0.20615 1765
0.20615 1802
0.20615 1814
0.20615 1868
0.20615 1894
0.20615 2040
0.20615 2070
0.20615 2103
0.20615 2323
0.20615 2381
0.20615 2507
0.20615 2645
0.20615 2726
0.20615 3074
0.20615 3233
0.20615 3388
0.20615 3423
0.20615 3462
0.20615 3798
0.20615 3800
0.20615 3858
0.20615 3874
0.20615 4223
0.20615 449
0.20615 4543
0.20615 4688
0.20615 4794
0.20615 491
0.20615 4930
0.20615 499
0.20615 577
0.20615 853
0.2062 1143
0.2062 1330
0.2062 156
0.2062 1893
0.2062 2146
0.2062 2148
0.2062 2204
0.2062 2238
0.2062 2365
0.2062 243
0.2062 2556
0.2062 2728
0.2062 2839
0.2062 2931
0.2062 2940
0.2062 3018
0.2062 3078
0.2062 3088
0.2062 3147
0.2062 3151
0.2062 3211
0.2062 3566
0.2062 3925
0.2062 4091
0.2062 4389
0.2062 4435
0.2062 4604
0.2062 4648
0.2062 4733
0.2062 4943
0.2062 786
0.2062 825
0.2062 885
0.2062 937
0.20625 1883
0.20625 189
0.20625 1944
0.20625 220
0.20625 2423
0.20625 2629
0.20625 2638
0.20625 2750
0.20625 2859
0.20625 3110
0.20625 3169
0.20625 3210
0.20625 3399
0.20625 34
0.20625 377
0.20625 4026
0.20625 4032
0.20625 4386
0.20625 440
0.20625 4544
0.20625 4595
0.20625 785
0.20625 863
0.2063 1180
0.2063 1375
0.2063 1380
0.2063 1395
0.2063 1516
0.2063 1631
0.2063 2048
0.2063 2160
0.2063 2263
0.2063 2708
0.2063 279
0.2063 2820
0.2063 2875
0.2063 3020
0.2063 312
0.2063 3319
0.2063 3366
0.2063 3468
0.2063 3559
0.2063 3689
0.2063 3692
0.2063 3793
0.2063 3850
0.2063 4021
0.2063 4068
0.2063 4513
0.2063 4518
0.2063 4633
0.2063 4978
0.2063 516
0.2063 620
0.2063 873
0.20635 102
0.20635 1208
0.20635 1259
0.20635 1261
0.20635 1304
0.20635 1361
0.20635 1597
0.20635 1784
0.20635 1835
0.20635 1977
0.20635 2023
0.20635 2321
0.20635 248
0.20635 2552
0.20635 2597
0.20635 2774
0.20635 2785
0.20635 2899
0.20635 3125
0.20635 3136
0.20635 3540
0.20635 3584
0.20635 3659
0.20635 3773
0.20635 3826
0.20635 388
0.20635 3962
0.20635 4545
0.20635 4957
0.20635 503
0.20635 758
0.20635 867
0.2064 1257
0.2064 1390
0.2064 1428
0.2064 1445
0.2064 147
0.2064 1707
0.2064 1847
0.2064 2222
0.2064 2344
0.2064 2478
0.2064 2677
0.2064 2933
0.2064 2953
0.2064 3052
0.2064 3106
0.2064 3139
0.2064 3185
0.2064 3207
0.2064 3501
0.2064 4136
0.2064 4156
0.2064 4197
0.2064 4221
0.2064 452
0.2064 4661
0.2064 4931
0.2064 4966
0.2064 68
0.2064 898
0.2064 970
0.20645 1229
0.20645 1230
0.20645 1348
0.20645 1560
0.20645 1583
0.20645 1785
0.20645 1929
0.20645 2312
0.20645 2456
0.20645 2537
0.20645 2709
0.20645 3042
0.20645 3194
0.20645 3244
0.20645 332
0.20645 3336
0.20645 3349
0.20645 3772
0.20645 3778
0.20645 3827
0.20645 3829
0.20645 3873
0.20645 4014
0.20645 4131
0.20645 4419
0.20645 460
0.20645 4873
0.20645 4875
0.20645 4936
0.20645 5
0.20645 95
0.2065 10
0.2065 1053
0.2065 1087
0.2065 1337
0.2065 1571
0.2065 17
0.2065 1867
0.2065 2042
0.2065 209
0.2065 2123
0.2065 2293
0.2065 2696
0.2065 2956
0.2065 3131
0.2065 3723
0.2065 3789
0.2065 4245
0.2065 544
0.2065 546
0.2065 606
0.20655 1007
0.20655 1165
0.20655 1220
0.20655 1332
0.20655 154
0.20655 1660
0.20655 2232
0.20655 2483
0.20655 2529
0.20655 2639
0.20655 2738
0.20655 2779
0.20655 3118
0.20655 3653
0.20655 3864
0.20655 4048
0.20655 4096
0.20655 4211
0.20655 4251
0.20655 4473
0.20655 4486
0.20655 4547
0.20655 4567
0.20655 709
0.2066 1005
0.2066 1206
0.2066 1267
0.2066 1372
0.2066 1412
0.2066 1419
0.2066 1544
0.2066 1711
0.2066 1985
0.2066 2706
0.2066 2777
0.2066 2814
0.2066 2924
0.2066 3217
0.2066 3259
0.2066 3260
0.2066 3409
0.2066 3412
0.2066 3428
0.2066 3630
0.2066 375
0.2066 3867
0.2066 3929
0.2066 4031
0.2066 4193
0.2066 434
0.2066 4570
0.2066 4590
0.2066 823
0.2066 951
0.20665 1115
0.20665 1204
0.20665 1271
0.20665 1500
0.20665 1616
0.20665 1794
0.20665 2374
0.20665 2518
0.20665 2880
0.20665 2966
0.20665 30
0.20665 3087
0.20665 3122
0.20665 3525
0.20665 3619
0.20665 3658
0.20665 3675
0.20665 4227
0.20665 4483
0.20665 4816
0.20665 802
0.2067 1062
0.2067 1401
0.2067 1533
0.2067 1843
0.2067 1895
0.2067 1987
0.2067 2039
0.2067 210
0.2067 240
0.2067 2761
0.2067 2954
0.2067 2964
0.2067 2989
0.2067 31
0.2067 3351
0.2067 3529
0.2067 3638
0.2067 3722
0.2067 3766
0.2067 3991
0.2067 4437
0.2067 4447
0.2067 4612
0.2067 4628
0.2067 842
0.2067 926
0.20675 1156
0.20675 1199
0.20675 1292
0.20675 185
0.20675 1853
0.20675 1916
0.20675 2107
0.20675 2338
0.20675 2342
0.20675 2345
0.20675 2923
0.20675 2937
0.20675 3075
0.20675 3081
0.20675 3362
0.20675 3380
0.20675 3841
0.20675 3920
0.20675 4
0.20675 4088
0.20675 4602
0.20675 4955
0.20675 602
0.20675 828
0.20675 975
0.2068 1140
0.2068 1268
0.2068 1489
0.2068 1542
0.2068 1905
0.2068 2547
0.2068 2620
0.2068 2720
0.2068 3003
0.2068 3203
0.2068 3268
0.2068 3522
0.2068 3622
0.2068 3757
0.2068 3984
0.2068 4185
0.2068 4294
0.2068 4335
0.2068 4677
0.2068 4791
0.2068 4908
0.2068 694
0.2068 746
0.2068 79
0.2068 932
0.2068 997
0.20685 1021
0.20685 1037
0.20685 1135
0.20685 1195
0.20685 1866
0.20685 2341
0.20685 245
0.20685 254
0.20685 2673
0.20685 275
0.20685 2808
0.20685 2912
0.20685 3299
0.20685 3303
0.20685 3411
0.20685 3593
0.20685 3973
0.20685 456
0.20685 889
0.20685 968
0.2069 1399
0.2069 1547
0.2069 1692
0.2069 1861
0.2069 198
0.2069 2106
0.2069 2378
0.2069 247
0.2069 2729
0.2069 2901
0.2069 3266
0.2069 3574
0.2069 3799
0.2069 380
0.2069 4158
0.2069 4172
0.2069 464
0.2069 4896
0.20695 111
0.20695 1706
0.20695 1724
0.20695 223
0.20695 23
0.20695 2587
0.20695 2719
0.20695 2881
0.20695 2903
0.20695 3519
0.20695 3573
0.20695 363
0.20695 3825
0.20695 3970
0.20695 3971
0.20695 401
0.20695 4082
0.20695 4214
0.20695 435
0.20695 4736
0.20695 4853
0.207 1266
0.207 1319
0.207 1321
0.207 1674
0.207 2280
0.207 2372
0.207 2454
0.207 2461
0.207 2670
0.207 2950
0.207 3008
0.207 3113
0.207 3508
0.207 3616
0.207 3642
0.207 3834
0.207 4275
0.207 4321
0.207 506
0.207 774
0.20705 1133
0.20705 128
0.20705 1366
0.20705 194
0.20705 2081
0.20705 2212
0.20705 2214
0.20705 2244
0.20705 2310
0.20705 2318
0.20705 2796
0.20705 2907
0.20705 3082
0.20705 3912
0.20705 3915
0.20705 3961
0.20705 4302
0.20705 4367
0.20705 4509
0.20705 4752
0.20705 547
0.20705 603
0.20705 699
0.2071 1000
0.2071 1224
0.2071 1296
0.2071 1561
0.2071 2466
0.2071 2568
0.2071 2791
0.2071 2843
0.2071 2857
0.2071 349
0.2071 350
0.2071 3505
0.2071 4012
0.2071 4104
0.2071 4259
0.2071 4495
0.2071 4522
0.2071 4599
0.2071 4799
0.2071 4968
0.2071 835
0.2071 883
0.2071 957
0.20715 1515
0.20715 1598
0.20715 1667
0.20715 1701
0.20715 1826
0.20715 2544
0.20715 28
0.20715 2834
0.20715 2970
0.20715 3034
0.20715 3124
0.20715 3188
0.20715 3248
0.20715 3312
0.20715 3459
0.20715 3646
0.20715 3903
0.20715 4434
0.20715 4459
0.20715 4627
0.20715 4720
0.20715 4738
0.20715 4895
0.20715 543
0.20715 584
0.20715 585
0.20715 642
0.20715 982
0.2072 1232
0.2072 1744
0.2072 1888
0.2072 2002
0.2072 2032
0.2072 2035
0.2072 2135
0.2072 2474
0.2072 2494
0.2072 2681
0.2072 2867
0.2072 2936
0.2072 2946
0.2072 3049
0.2072 3356
0.2072 3375
0.2072 3475
0.2072 4266
0.2072 439
0.2072 4606
0.2072 4616
0.2072 51
0.2072 908
0.20725 11
0.20725 1301
0.20725 1579
0.20725 1723
0.20725 1745
0.20725 1783
0.20725 237
0.20725 2459
0.20725 2817
0.20725 2982
0.20725 3277
0.20725 3361
0.20725 3402
0.20725 3700
0.20725 3743
0.20725 3744
0.20725 3960
0.20725 4056
0.20725 4239
0.20725 4655
0.20725 4824
0.20725 537
0.20725 8
0.20725 814
0.2073 1102
0.2073 1274
0.2073 2015
0.2073 2576
0.2073 264
0.2073 3465
0.2073 3500
0.2073 3767
0.2073 4333
0.2073 4828
0.2073 625
0.20735 1026
0.20735 1076
0.20735 142
0.20735 1575
0.20735 1768
0.20735 1811
0.20735 2234
0.20735 2658
0.20735 2704
0.20735 296
0.20735 2969
0.20735 3076
0.20735 379
0.20735 392
0.20735 4337
0.20735 4939
0.20735 4945
0.20735 4948
0.20735 626
0.20735 833
0.2074 1139
0.2074 1197
0.2074 1490
0.2074 1996
0.2074 2072
0.2074 2178
0.2074 2223
0.2074 2968
0.2074 3690
0.2074 4487
0.2074 4771
0.2074 4913
0.2074 668
0.2074 678
0.2074 783
0.2074 98
0.20745 118
0.20745 1926
0.20745 1927
0.20745 1952
0.20745 1993
0.20745 2427
0.20745 2432
0.20745 2805
0.20745 3150
0.20745 32
0.20745 3556
0.20745 390
0.20745 4161
0.20745 4348
0.20745 4672
0.20745 561
0.2075 1210
0.2075 1702
0.2075 1884
0.2075 2415
0.2075 2464
0.2075 2545
0.2075 3068
0.2075 3166
0.2075 319
0.2075 3645
0.2075 3792
0.2075 3999
0.2075 432
0.2075 631
0.2075 640
0.2075 949
0.20755 1121
0.20755 1478
0.20755 286
0.20755 3635
0.20755 4010
0.20755 4113
0.20755 4148
0.20755 4394
0.20755 4456
0.20755 4925
0.2076 1030
0.2076 1103
0.2076 1363
0.2076 1578
0.2076 2213
0.2076 2514
0.2076 3551
0.2076 3686
0.2076 3907
0.2076 4533
0.2076 4790
0.20765 1034
0.20765 1057
0.20765 109
0.20765 1117
0.20765 1477
0.20765 1897
0.20765 2513
0.20765 2633
0.20765 2934
0.20765 3071
0.20765 3340
0.20765 3536
0.20765 402
0.20765 4100
0.20765 4640
0.20765 467
0.20765 878
0.20765 934
0.2077 1263
0.2077 1851
0.2077 2026
0.2077 2119
0.2077 2291
0.2077 2553
0.2077 283
0.2077 2917
0.2077 4147
0.2077 4206
0.2077 4584
0.2077 4605
0.2077 916
0.20775 1504
0.20775 1759
0.20775 2058
0.20775 2525
0.20775 2570
0.20775 3239
0.20775 3282
0.20775 4334
0.20775 438
0.20775 4712
0.20775 770
0.2078 1588
0.2078 1594
0.2078 2399
0.2078 3526
0.2078 3705
0.2078 4034
0.2078 4444
0.2078 48
0.2078 4983
0.20785 1105
0.20785 119
0.20785 1312
0.20785 1633
0.20785 2036
0.20785 2182
0.20785 2269
0.20785 2913
0.20785 3392
0.20785 3552
0.20785 4300
0.20785 4429
0.20785 4766
0.20785 4796
0.2079 2634
0.2079 3009
0.2079 3175
0.2079 3713
0.2079 4571
0.20795 1320
0.20795 1554
0.20795 2013
0.20795 2299
0.20795 309
0.20795 3117
0.20795 3367
0.20795 35
0.20795 3702
0.20795 4019
0.20795 4139
0.20795 4393
0.20795 4654
0.20795 4980
0.20795 4986
0.20795 672
0.20795 896
0.208 1235
0.208 2492
0.208 2925
0.208 3144
0.208 3279
0.208 3521
0.208 355
0.208 3968
0.208 4995
0.208 500
0.208 980
0.20805 2155
0.20805 3391
0.20805 364
0.20805 4353
0.20805 4558
0.20805 4795
0.20805 81
0.20805 976
0.2081 1325
0.2081 3137
0.2081 3285
0.2081 4080
0.2081 476
0.2081 4822
0.20815 1047
0.20815 1456
0.20815 1629
0.20815 1652
0.20815 1877
0.20815 1918
0.20815 3725
0.20815 3933
0.20815 3983
0.20815 4141
0.20815 4497
0.20815 4841
0.2082 164
0.2082 1870
0.2082 206
0.2082 2517
0.2082 2816
0.2082 3315
0.2082 4420
0.2082 4685
0.2082 995
0.20825 1483
0.20825 1791
0.20825 3441
0.20825 4084
0.20825 939
0.2083 1967
0.2083 2181
0.2083 2445
0.2083 2632
0.2083 2740
0.2083 3377
0.2083 3781
0.2083 4446
0.2083 4901
0.2083 646
0.20835 1207
0.20835 1694
0.20835 2916
0.20835 2927
0.20835 318
0.20835 3795
0.20835 3936
0.20835 4295
0.20835 71
0.20835 92
0.2084 1703
0.2084 1997
0.2084 2010
0.2084 2078
0.2084 2163
0.2084 413
0.2084 4565
0.2084 4831
0.2084 548
0.2084 820
0.2084 905
0.20845 3214
0.20845 3383
0.20845 3782
0.20845 4424
0.20845 523
0.20845 557
0.20845 569
0.2085 1284
0.2085 1454
0.2085 1471
0.2085 230
0.2085 3029
0.2085 3350
0.2085 3746
0.2085 4440
0.20855 1464
0.20855 2911
0.20855 3196
0.20855 3745
0.20855 4555
0.20855 4804
0.20855 808
0.2086 1338
0.2086 149
0.2086 3342
0.20865 1014
0.20865 1442
0.20865 153
0.20865 2721
0.20865 3129
0.20865 3288
0.20865 3855
0.20865 4499
0.20865 4786
0.2087 1011
0.2087 231
0.2087 3711
0.2087 468
0.20875 1463
0.20875 291
0.20875 3972
0.20875 674
0.2088 1636
0.2088 2606
0.2088 763
0.2088 806
0.2088 858
0.20885 2059
0.20885 2207
0.20885 2227
0.20885 2866
0.20885 3167
0.20885 3883
0.20885 3888
0.20885 4877
0.20885 973
0.2089 44
0.2089 950
0.20895 196
0.20895 4242
0.20895 583
0.209 1446
0.209 1615
0.209 4488
0.209 4770
0.209 4952
0.20905 1074
0.20905 3146
0.20905 3896
0.20905 3957
0.20905 4714
0.20905 4927
0.20905 4974
0.2091 2588
0.2091 3570
0.2091 3588
0.20915 1475
0.20915 2225
0.20915 2569
0.20915 330
0.20915 4525
0.2092 1216
0.2092 1869
0.2092 2011
0.2092 2084
0.2092 2206
0.2092 2847
0.2092 4240
0.2092 834
0.20925 4696
0.20925 4915
0.2093 1854
0.2093 2467
0.2093 2938
0.2093 3346
0.2093 3405
0.2093 357
0.20935 1306
0.20935 4597
0.2094 1585
0.20945 3721
0.20945 4492
0.20945 4589
0.20945 624
0.2095 1735
0.2095 2224
0.2095 3182
0.2095 3985
0.20955 2434
0.20955 2603
0.20955 2804
0.20955 345
0.20955 4975
0.20955 4989
0.2096 3561
0.2096 3869
0.20965 2016
0.20965 554
0.2097 2371
0.2097 3323
0.2097 735
0.20975 1523
0.20975 263
0.20975 3348
0.20975 3735
0.2098 2284
0.20985 4049
0.20985 4323
0.2099 2811
0.2099 3284
0.2099 4028
0.2099 4984
0.20995 1899
0.20995 549
0.21 3688
0.21 4431
0.21005 2237
0.21005 3623
0.21005 4603
0.2101 2506
0.2101 3710
0.2101 673
0.21015 1710
0.21015 706
0.2102 1147
0.2102 4905
0.21025 270
0.2103 754
0.21035 1792
0.21035 4256
0.21035 918
0.2104 403
0.21045 3019
0.21045 3355
0.21045 4815
0.21045 677
0.2105 1342
0.2105 4614
0.21065 3498
0.2107 4480
0.21075 4126
0.2108 3298
0.21085 4225
0.2109 4922
0.21095 681
0.211 1485
0.211 2616
0.21105 2577
0.21105 3497
0.21115 3054
0.2112 4271
0.2112 702
0.2113 2713
0.2113 4592
0.21135 1211
0.21135 2019
0.21135 589
0.21145 1741
0.2115 3077
0.2115 4521
0.2115 941
0.21155 3555
0.21195 1780
0.21195 412
0.21195 4585
0.212 3512
0.21215 1529
0.2122 4783
0.2125 3374
0.21305 2151
0.2131 2468
0.21325 4918
0.21335 3581
0.2134 2050
0.21425 1223
0.21445 4973
