0.20485 1
0.1866 2
0.1937 3
0.1888 4
0.19075 5
0.19455 6
0.20155 7
0.2104 8
0.20835 9
0.2049 10
0.2063 11
0.2014 12
0.2242 13
0.18705 14
0.20355 15
0.21665 16
0.1908 17
0.21225 18
0.19645 19
0.1859 20
0.20255 21
0.18295 22
0.1974 23
0.1951 24
0.20015 25
0.2054 26
0.18985 27
0.2074 28
0.18435 29
0.1954 30
0.191 31
0.206 32
0.2049 33
0.19335 34
0.17355 35
0.19335 36
0.20275 37
0.19775 38
0.17985 39
0.1941 40
0.1909 41
0.19695 42
0.17425 43
0.19125 44
0.2006 45
0.2015 46
0.2103 47
0.18975 48
0.1815 49
0.19485 50
0.20055 51
0.19345 52
0.18285 53
0.2063 54
0.2095 55
0.1712 56
0.198 57
0.2152 58
0.1786 59
0.19275 60
0.19415 61
0.2012 62
0.1943 63
0.1685 64
0.20005 65
0.18895 66
0.17485 67
0.2054 68
0.19285 69
0.1846 70
0.18845 71
0.1768 72
0.1933 73
0.19555 74
0.2047 75
0.19085 76
0.2013 77
0.2228 78
0.19305 79
0.1843 80
0.18785 81
0.191 82
0.18925 83
0.1963 84
0.1876 85
0.2007 86
0.18265 87
0.20215 88
0.1897 89
0.1919 90
0.20915 91
0.20365 92
0.2218 93
0.20435 94
0.19195 95
0.1947 96
0.21175 97
0.2068 98
0.2008 99
0.19535 100
0.2113 101
0.1995 102
0.2199 103
0.19655 104
0.20545 105
0.20545 106
0.20095 107
0.1927 108
0.19835 109
0.2068 110
0.1832 111
0.1869 112
0.1949 113
0.19455 114
0.1911 115
0.1898 116
0.2073 117
0.19235 118
0.17125 119
0.18105 120
0.1911 121
0.19055 122
0.205 123
0.17875 124
0.19325 125
0.2002 126
0.19985 127
0.18965 128
0.2024 129
0.1887 130
0.17655 131
0.19585 132
0.18195 133
0.19845 134
0.18835 135
0.1886 136
0.17155 137
0.1826 138
0.197 139
0.2041 140
0.18515 141
0.2102 142
0.19545 143
0.20605 144
0.19445 145
0.19185 146
0.19115 147
0.2045 148
0.2354 149
0.1982 150
0.1956 151
0.21315 152
0.2115 153
0.19645 154
0.1997 155
0.18945 156
0.18275 157
0.193 158
0.19905 159
0.1998 160
0.1928 161
0.20595 162
0.198 163
0.2008 164
0.1953 165
0.1964 166
0.1791 167
0.20725 168
0.20375 169
0.19745 170
0.19915 171
0.2024 172
0.1903 173
0.1804 174
0.20195 175
0.2081 176
0.2117 177
0.20625 178
0.20665 179
0.19935 180
0.2142 181
0.21275 182
0.18685 183
0.2016 184
0.1854 185
0.19995 186
0.21635 187
0.21685 188
0.1834 189
0.19925 190
0.2208 191
0.2047 192
0.18535 193
0.18185 194
0.1872 195
0.1707 196
0.1888 197
0.20175 198
0.1856 199
0.1939 200
0.1932 201
0.1866 202
0.2046 203
0.2141 204
0.1948 205
0.19255 206
0.18295 207
0.20275 208
0.197 209
0.16825 210
0.1887 211
0.1974 212
0.2421 213
0.19345 214
0.19475 215
0.1994 216
0.18765 217
0.18205 218
0.174 219
0.1819 220
0.2076 221
0.202 222
0.18385 223
0.1967 224
0.19765 225
0.18995 226
0.2172 227
0.20615 228
0.195 229
0.20845 230
0.2091 231
0.21135 232
0.1896 233
0.21525 234
0.18125 235
0.1961 236
0.17855 237
0.219 238
0.1925 239
0.193 240
0.18475 241
0.19205 242
0.20065 243
0.1757 244
0.19885 245
0.1961 246
0.178 247
0.194 248
0.1861 249
0.1851 250
0.1837 251
0.18585 252
0.17925 253
0.19185 254
0.18555 255
0.19265 256
0.204 257
0.20015 258
0.17625 259
0.2006 260
0.20325 261
0.21015 262
0.20795 263
0.2041 264
0.19675 265
0.19515 266
0.21095 267
0.19025 268
0.19245 269
0.1838 270
0.19055 271
0.1892 272
0.2046 273
0.1996 274
0.1809 275
0.1908 276
0.18805 277
0.19835 278
0.20265 279
0.171 280
0.2105 281
0.1901 282
0.20945 283
0.1966 284
0.2 285
0.1886 286
0.22045 287
0.2048 288
0.19555 289
0.19285 290
0.21595 291
0.19865 292
0.19005 293
0.22275 294
0.18135 295
0.18515 296
0.1797 297
0.1756 298
0.204 299
0.19775 300
0.191 301
0.20515 302
0.2026 303
0.1861 304
0.20465 305
0.18645 306
0.17095 307
0.18095 308
0.18895 309
0.18685 310
0.19675 311
0.2029 312
0.19495 313
0.20965 314
0.1848 315
0.1914 316
0.20865 317
0.18765 318
0.18625 319
0.18805 320
0.1955 321
0.19645 322
0.1886 323
0.1842 324
0.1924 325
0.2207 326
0.18875 327
0.1925 328
0.19545 329
0.2002 330
0.19465 331
0.19675 332
0.19875 333
0.1865 334
0.21505 335
0.17815 336
0.1883 337
0.19215 338
0.1911 339
0.1851 340
0.1859 341
0.19035 342
0.19685 343
0.1976 344
0.2111 345
0.1878 346
0.20675 347
0.19055 348
0.19355 349
0.2107 350
0.1999 351
0.1882 352
0.1951 353
0.1974 354
0.20015 355
0.18355 356
0.19045 357
0.19675 358
0.1813 359
0.2198 360
0.19835 361
0.19305 362
0.1998 363
0.1904 364
0.1947 365
0.18155 366
0.21935 367
0.1877 368
0.19875 369
0.20545 370
0.19995 371
0.1844 372
0.20045 373
0.19315 374
0.18385 375
0.18905 376
0.1915 377
0.2045 378
0.1834 379
0.1974 380
0.2258 381
0.195 382
0.15455 383
0.1906 384
0.1914 385
0.198 386
0.22915 387
0.1893 388
0.1986 389
0.1962 390
0.1865 391
0.21925 392
0.2082 393
0.21455 394
0.1927 395
0.2227 396
0.18825 397
0.2026 398
0.19355 399
0.2134 400
0.20095 401
0.22175 402
0.1963 403
0.1972 404
0.18485 405
0.2137 406
0.194 407
0.1972 408
0.18625 409
0.1702 410
0.2054 411
0.2133 412
0.20185 413
0.18275 414
0.1935 415
0.1891 416
0.18355 417
0.20215 418
0.1954 419
0.18815 420
0.19525 421
0.21075 422
0.1818 423
0.19105 424
0.2095 425
0.19315 426
0.20045 427
0.192 428
0.1735 429
0.176 430
0.19915 431
0.1936 432
0.1732 433
0.1835 434
0.20945 435
0.20065 436
0.199 437
0.1876 438
0.1997 439
0.2205 440
0.19085 441
0.1839 442
0.1856 443
0.17985 444
0.1947 445
0.18775 446
0.1849 447
0.1889 448
0.1904 449
0.18005 450
0.1945 451
0.2146 452
0.19665 453
0.19715 454
0.1895 455
0.1964 456
0.2027 457
0.1765 458
0.20935 459
0.18755 460
0.17835 461
0.1831 462
0.2015 463
0.22485 464
0.201 465
0.19115 466
0.17795 467
0.20315 468
0.20975 469
0.1959 470
0.17955 471
0.19815 472
0.19595 473
0.2044 474
0.2088 475
0.19895 476
0.1963 477
0.1853 478
0.1906 479
0.18935 480
0.1816 481
0.19055 482
0.20065 483
0.18595 484
0.19575 485
0.2014 486
0.20855 487
0.1899 488
0.2184 489
0.19775 490
0.2037 491
0.1924 492
0.20465 493
0.2099 494
0.18955 495
0.2048 496
0.1883 497
0.19695 498
0.18365 499
0.18765 500
